33 959 79 50 14 9 13.12738453049315 True 44
33 959 79 50 14 9 11.44840733418867 False 49
33 959 79 50 14 9 13.894996850358552 True 43
33 959 79 50 14 9 11.492305443394747 False 49
33 959 79 50 14 9 12.189244577001293 False 49
33 959 79 50 14 9 11.645773884563939 False 49
33 959 79 50 14 9 12.977967420045424 True 43
33 959 79 50 14 9 11.310521026471246 True 46
33 959 79 50 14 9 12.034651366193746 False 49
33 959 79 50 14 9 9.800884309144724 True 47
33 959 79 50 14 9 10.164449711912088 False 49
33 959 79 50 14 9 12.354924152043619 True 45
33 959 79 50 14 9 12.058521429980615 False 49
33 959 79 50 14 9 12.338835690199051 True 48
33 959 79 50 14 9 13.508368897235902 False 49
33 959 79 50 14 9 11.891119418328019 False 49
33 959 79 50 14 9 11.28922770967461 False 49
33 959 79 50 14 9 10.224620873774672 True 49
33 959 79 50 14 9 10.153110131458492 False 49
33 959 79 50 14 9 12.824551043063494 True 45
33 959 79 50 14 9 12.856330532369796 False 49
33 959 79 50 14 9 10.586363107427495 True 48
33 959 79 50 14 9 12.334854588344712 True 49
33 959 79 50 14 9 11.226106691213502 False 49
33 959 79 50 14 9 12.08193396860828 True 46
33 959 79 50 14 9 12.051075139947814 False 49
33 959 79 50 14 9 11.755559960224693 True 49
33 959 79 50 14 9 5.759958526234571 True 5
33 959 79 50 14 9 0.0 True 3
33 959 79 50 14 9 12.442941511471053 False 49
33 959 79 50 14 9 11.072645173953878 False 49
33 959 79 50 14 9 12.67710487202516 False 49
33 959 79 50 14 9 10.136682173072561 False 49
33 959 79 50 14 9 10.73382022852708 False 49
33 959 79 50 14 9 12.469222628391954 True 47
33 959 79 50 14 9 10.790252733184975 False 49
33 959 79 50 14 9 12.217755131760946 True 47
33 959 79 50 14 9 0.0 True 1
33 959 79 50 14 9 10.942750573681717 False 49
33 959 79 50 14 9 10.05062140224957 False 49
33 959 79 50 14 9 10.850176808288461 False 49
33 959 79 50 14 9 13.235397922495741 False 49
33 959 79 50 14 9 10.78279684112982 False 49
33 959 79 50 14 9 13.05066843566844 True 44
33 959 79 50 14 9 12.910842295152875 True 46
33 959 79 50 14 9 12.275529900719597 True 47
33 959 79 50 14 9 11.130242288577083 True 46
33 959 79 50 14 9 12.213306484447617 False 49
33 959 79 50 14 9 14.554868475856333 True 41
33 959 79 50 14 9 9.990977088930538 False 49
33 959 79 50 14 9 9.806417606179389 False 49
33 959 79 50 14 9 0.0 True 0
33 959 79 50 14 9 11.310057171921418 False 49
33 959 79 50 14 9 11.7969401644242 False 49
33 959 79 50 14 9 11.029009638671727 False 49
33 959 79 50 14 9 9.739664945074837 False 49
33 959 79 50 14 9 11.23668876891068 False 49
33 959 79 50 14 9 11.29246176894764 True 49
33 959 79 50 14 9 11.83118238696025 False 49
33 959 79 50 14 9 11.057328855784839 False 49
33 959 79 50 14 9 0.0 True 3
33 959 79 50 14 9 11.802887364947217 True 43
33 959 79 50 14 9 0.0 True 0
33 959 79 50 14 9 11.90234097430361 False 49
33 959 79 50 14 9 12.442639892837645 False 49
33 959 79 50 14 9 12.232971267084825 False 49
33 959 79 50 14 9 12.034794649539625 False 49
33 959 79 50 14 9 11.050316125330635 False 49
33 959 79 50 14 9 11.241964537516157 False 49
33 959 79 50 14 9 12.168609040908626 False 49
33 959 79 50 14 9 12.474848403776749 False 49
33 959 79 50 14 9 9.205556062819582 True 5
33 959 79 50 14 9 7.744534845496398 True 5
33 959 79 50 14 9 10.420643601857453 False 49
33 959 79 50 14 9 10.280703282330682 False 49
33 959 79 50 14 9 11.460854756474443 False 49
33 959 79 50 14 9 13.322350290389684 False 49
33 959 79 50 14 9 13.026019338146316 False 49
33 959 79 50 14 9 11.010370918454878 False 49
33 959 79 50 14 9 11.588273076205931 False 49
33 959 79 50 14 9 12.821697402133555 False 49
33 959 79 50 14 9 11.308541930531584 True 48
33 959 79 50 14 9 11.952220269215385 False 49
33 959 79 50 14 9 10.48353525842359 True 49
33 959 79 50 14 9 10.888761274760881 False 49
33 959 79 50 14 9 10.956952207420777 True 48
33 959 79 50 14 9 13.944774125242636 False 49
33 959 79 50 14 9 12.475904977218745 True 42
33 959 79 50 14 9 11.834882578499649 False 49
33 959 79 50 14 9 12.711614420151808 False 49
33 959 79 50 14 9 12.320913675273147 False 49
33 959 79 50 14 9 11.042932944772229 False 49
33 959 79 50 14 9 10.346501080280133 False 49
33 959 79 50 14 9 10.354523494655657 False 49
33 959 79 50 14 9 11.53456089361004 False 49
33 959 79 50 14 9 12.421465708125861 False 49
33 959 79 50 14 9 11.367458251999421 True 47
33 959 79 50 14 9 11.504170152596295 True 49
33 959 79 50 14 9 11.880747326601828 False 49
33 959 79 50 14 9 1.0189284336419737 True 7
