10 40 1050 45 17 25.27575303122082 False 49
10 40 1050 45 17 22.020156344150756 False 49
10 40 1050 45 17 25.833613216083346 False 49
10 40 1350 35 16 29.026493855504167 False 49
10 40 1350 35 16 18.138442888436433 False 49
10 40 1350 35 16 13.817314140947285 False 49
10 40 1450 35 18 12.894850277520906 False 49
10 40 1450 35 18 7.7829532830622785 False 49
10 40 1450 35 18 26.444208205456057 False 49
10 44 1000 35 14 22.139473624804733 False 49
10 44 1000 35 14 23.0759751846948 False 49
10 44 1000 35 14 19.889336209708404 False 49
10 44 1000 35 20 23.465318012137153 False 49
10 44 1000 35 20 23.0432415654677 False 49
10 44 1000 35 20 22.770239032038184 False 49
10 44 1200 30 16 23.74306538299737 False 49
10 44 1200 30 16 27.300288451841038 False 49
10 44 1200 30 16 29.245161269757126 False 49
10 44 1350 35 14 13.936618608558211 False 49
10 44 1350 35 14 23.34971916008925 False 49
10 44 1350 35 14 25.559584540354912 False 49
15 16 1150 35 20 28.331060860572403 False 49
15 16 1150 35 20 28.414969360505314 False 49
15 16 1150 35 20 23.669420920933852 False 49
15 22 1100 40 19 19.88597877554637 False 49
15 22 1100 40 19 19.837159433520156 False 49
15 22 1100 40 19 20.8491032096751 False 49
