5 20 1150 20 17 60.66063098069003 False 49
5 20 1150 20 17 60.108636931179134 False 49
5 20 1150 20 17 47.84286883858151 False 49
5 24 1350 30 17 44.54612621967824 False 49
5 24 1350 30 17 18.767543938210032 False 49
5 24 1350 30 17 51.29333936740659 False 49
5 24 1400 10 14 59.451295529745224 False 49
5 24 1400 10 14 50.67011658984081 False 49
5 24 1400 10 14 362.67211024868845 False 49
5 24 1700 40 20 50.623094300401604 False 49
5 24 1700 40 20 48.71361887879069 False 49
5 24 1700 40 20 53.64209531804128 False 49
5 26 1000 5 19 44.27598567794771 False 49
5 26 1000 5 19 47.14061117279981 False 49
5 26 1000 5 19 43.22735162427041 False 49
5 26 1900 30 13 59.652425245335415 False 49
5 26 1900 30 13 55.19569838441578 False 49
5 26 1900 30 13 62.223974497764985 False 49
5 42 1300 35 10 31.621239822923826 False 49
5 42 1300 35 10 28.9369217486051 False 49
5 42 1300 35 10 29.547704927344522 False 49
10 16 1100 10 16 83.52634070376284 False 49
10 16 1100 10 16 358.2318707568503 False 49
10 16 1100 10 16 53.18689465134672 False 49
10 18 1200 25 15 68.55650769609656 False 49
10 18 1200 25 15 63.467213555711716 False 49
10 18 1200 25 15 59.28305085771383 False 49
10 20 1950 10 19 69.20325748225285 False 49
10 20 1950 10 19 18.035370167706013 False 49
10 20 1950 10 19 76.58411424948589 False 49
10 22 1050 35 13 26.980050664285205 False 49
10 22 1050 35 13 15.651232134410993 False 49
10 22 1050 35 13 41.01903277627509 False 49
10 22 1100 30 14 16.716441681091347 False 49
10 22 1100 30 14 26.55089141278851 False 49
10 22 1100 30 14 59.34556517460253 False 49
10 22 1150 30 17 15.349131720757896 False 49
10 22 1150 30 17 5.098935727027083 False 49
10 22 1150 30 17 52.18234207987858 False 49
10 22 1250 40 12 27.831334027484115 False 49
10 22 1250 40 12 27.428656035102016 False 49
10 22 1250 40 12 52.37233349285358 False 49
10 22 1450 30 19 47.2772443292656 False 49
10 22 1450 30 19 23.997189207525576 False 49
10 22 1450 30 19 53.5705408311135 False 49
10 30 1350 5 19 46.6024994801178 False 49
10 30 1350 5 19 50.96666972138313 False 49
10 30 1350 5 19 32.56560052161622 False 49
10 32 1400 15 18 38.134615264417164 False 49
10 32 1400 15 18 39.57741374128178 False 49
10 32 1400 15 18 34.35710413990246 False 49
10 34 1900 40 19 12.343965452159363 False 49
10 34 1900 40 19 36.150811966723936 False 49
10 34 1900 40 19 32.24982879332336 False 49
10 34 1950 30 11 7.702684432045072 False 49
10 34 1950 30 11 31.861849875221235 False 49
10 34 1950 30 11 39.24636516119226 False 49
10 34 2000 25 18 38.12499950275118 False 49
10 34 2000 25 18 37.18384184876574 False 49
10 34 2000 25 18 42.16228912183865 False 49
10 36 1150 25 16 31.68625873694802 False 49
10 36 1150 25 16 34.17529349114148 False 49
10 36 1150 25 16 34.211641631323744 False 49
10 36 1300 15 16 41.47050055794285 False 49
10 36 1300 15 16 35.347747690109806 False 49
10 36 1300 15 16 44.343643332136125 False 49
10 36 1750 20 12 45.26197650698707 False 49
10 36 1750 20 12 45.6686767425334 False 49
10 36 1750 20 12 47.93445511269633 False 49
10 36 2000 40 14 36.403773001875464 False 49
10 36 2000 40 14 13.625119511962552 False 49
10 36 2000 40 14 33.07470029796575 False 49
10 38 1300 45 17 27.8283755890668 False 49
10 38 1300 45 17 16.890819581188122 False 49
10 38 1300 45 17 30.035378621165307 False 49
10 38 1850 30 12 35.4719231874259 False 49
10 38 1850 30 12 39.09517851104639 False 49
10 38 1850 30 12 34.50395397414754 False 49
10 40 1050 45 17 25.27575303122082 False 49
10 40 1050 45 17 22.020156344150756 False 49
10 40 1050 45 17 25.833613216083346 False 49
10 40 1350 35 16 29.026493855504167 False 49
10 40 1350 35 16 18.138442888436433 False 49
10 40 1350 35 16 13.817314140947285 False 49
10 40 1450 35 18 12.894850277520906 False 49
10 40 1450 35 18 7.7829532830622785 False 49
10 40 1450 35 18 26.444208205456057 False 49
10 42 1250 15 14 29.792514946211163 False 49
10 42 1250 15 14 34.02901915251537 False 49
10 42 1250 15 14 32.337257873736725 False 49
10 42 1550 5 17 40.35098539073083 False 49
10 42 1550 5 17 41.53862217836818 False 49
10 42 1550 5 17 38.848014363507716 False 49
10 42 1600 5 20 32.63297644052243 False 49
10 42 1600 5 20 34.74160570567675 False 49
10 42 1600 5 20 35.77182822767449 False 49
10 42 1850 25 17 33.157263385398224 False 49
10 42 1850 25 17 36.910098175908054 False 49
10 42 1850 25 17 34.145988563032965 False 49
10 42 1950 20 18 29.410690799276317 False 49
10 42 1950 20 18 34.18029869122505 False 49
10 42 1950 20 18 36.09359703405264 False 49
10 44 1000 35 14 22.139473624804733 False 49
10 44 1000 35 14 23.0759751846948 False 49
10 44 1000 35 14 19.889336209708404 False 49
10 44 1000 35 20 23.465318012137153 False 49
10 44 1000 35 20 23.0432415654677 False 49
10 44 1000 35 20 22.770239032038184 False 49
10 44 1200 20 18 26.817941618270044 False 49
10 44 1200 20 18 30.698590343205552 False 49
10 44 1200 20 18 27.936503732814806 False 49
10 44 1200 30 16 23.74306538299737 False 49
10 44 1200 30 16 27.300288451841038 False 49
10 44 1200 30 16 29.245161269757126 False 49
10 44 1350 35 14 13.936618608558211 False 49
10 44 1350 35 14 23.34971916008925 False 49
10 44 1350 35 14 25.559584540354912 False 49
15 14 1400 35 14 42.57822766251762 False 49
15 14 1400 35 14 37.63936356031685 False 49
15 14 1400 35 14 37.981620725014494 False 49
15 16 1150 35 20 28.331060860572403 False 49
15 16 1150 35 20 28.414969360505314 False 49
15 16 1150 35 20 23.669420920933852 False 49
15 16 1350 30 14 77.41552388175631 False 49
15 16 1350 30 14 14.015200388531966 False 49
15 16 1350 30 14 84.87584910165738 False 49
15 18 1000 20 20 44.73128740548006 False 49
15 18 1000 20 20 24.594855970992352 False 49
15 18 1000 20 20 17.83260548340247 False 49
15 18 1000 25 19 372.4744080950809 False 49
15 18 1000 25 19 34.11343650709142 False 49
15 18 1000 25 19 24.98858230112789 False 49
15 18 1250 25 17 73.36520485035143 False 49
15 18 1250 25 17 19.65680662508796 False 49
15 18 1250 25 17 36.767627418808345 False 49
15 18 1350 45 13 50.615239146667925 False 49
15 18 1350 45 13 62.58853749494394 False 49
15 18 1350 45 13 55.725196367294835 False 49
15 18 1400 5 20 74.95257706983757 False 49
15 18 1400 5 20 68.66618799910262 False 49
15 18 1400 5 20 76.66124092219806 False 49
15 18 1900 45 15 73.48839292373053 False 49
15 18 1900 45 15 28.54264801361713 False 49
15 18 1900 45 15 42.67837556941504 False 49
15 20 1150 35 18 56.93067930496566 False 49
15 20 1150 35 18 57.41748094512154 False 49
15 20 1150 35 18 55.77601515804006 False 49
15 20 1200 30 14 23.119591518000256 False 49
15 20 1200 30 14 46.10318717470541 False 49
15 20 1200 30 14 64.69005779130467 False 49
15 20 1450 45 20 7.609864053817999 False 49
15 20 1450 45 20 14.677870167009894 False 49
15 20 1450 45 20 32.29683780505142 False 49
15 22 1050 40 15 53.44009311839916 False 49
15 22 1050 40 15 17.758195899134687 False 49
15 22 1050 40 15 40.392173109109194 False 49
15 22 1100 40 19 19.88597877554637 False 49
15 22 1100 40 19 19.837159433520156 False 49
15 22 1100 40 19 20.8491032096751 False 49
