15 22 1750 20 18 58.76139015497786 True 39
15 22 1750 20 18 64.18365274666552 True 25
15 22 1750 20 18 0.0 True 0
15 22 1750 20 18 50.6625390805537 True 25
15 22 1750 20 18 59.34524343909863 True 33
15 22 1750 20 18 62.45547170075263 True 32
15 22 1750 20 18 64.89105912151861 False 49
15 22 1750 20 18 68.61433788416899 True 29
15 22 1750 20 18 61.551689643649 True 45
15 22 1750 20 18 59.59641541352029 True 41
15 22 1750 20 18 0.0 True 2
15 22 1750 20 18 53.968587164872226 False 49
15 22 1750 20 18 55.50655093441112 True 36
15 22 1750 20 18 0.0 True 1
15 22 1750 20 18 0.0 True 0
15 22 1750 20 18 0.0 True 1
15 22 1750 20 18 41.25104746668452 True 20
15 22 1750 20 18 59.606789768195966 True 35
15 22 1750 20 18 0.0 True 2
15 22 1750 20 18 39.55750837162998 True 24
15 22 1750 20 18 62.16104100317401 True 30
15 22 1750 20 18 52.91692969709614 True 24
15 22 1750 20 18 0.0 True 3
15 22 1750 20 18 38.195471115400856 True 26
15 22 1750 20 18 0.0 True 1
15 22 1750 20 18 58.18689352965194 True 42
15 22 1750 20 18 60.487839271592556 True 42
15 22 1750 20 18 63.12597922443249 True 27
15 22 1750 20 18 58.22716467801411 True 33
15 22 1750 20 18 66.92170430996433 True 22
15 22 1750 20 18 64.58339435831951 True 30
15 22 1750 20 18 0.0 True 3
15 22 1750 20 18 58.92077341999991 True 28
15 22 1750 20 18 0.0 True 4
15 22 1750 20 18 53.34609386898178 True 32
15 22 1750 20 18 50.87870317681275 True 24
15 22 1750 20 18 59.39782861973415 True 25
15 22 1750 20 18 50.9003335615268 True 27
15 22 1750 20 18 64.81320754002385 True 26
15 22 1750 20 18 67.13613452629701 False 49
15 22 1750 20 18 49.76072443259426 True 19
15 22 1750 20 18 57.3353865426561 True 25
15 22 1750 20 18 58.40723028866585 True 44
15 22 1750 20 18 55.09335305936724 True 30
15 22 1750 20 18 61.473617961637174 True 38
15 22 1750 20 18 49.782284015497716 True 20
15 22 1750 20 18 0.0 True 3
15 22 1750 20 18 58.68246722471655 True 40
15 22 1750 20 18 60.04292092036925 True 19
15 22 1750 20 18 52.13837116805105 True 19
15 22 1750 20 18 60.5588895241213 False 49
15 22 1750 20 18 56.14229978255571 True 18
15 22 1750 20 18 57.760642771766484 True 30
15 22 1750 20 18 53.91707144498198 True 46
15 22 1750 20 18 0.0 True 1
15 22 1750 20 18 32.20408776485733 True 10
15 22 1750 20 18 59.78106136739867 True 30
15 22 1750 20 18 0.0 True 1
15 22 1750 20 18 49.12024081604925 True 21
15 22 1750 20 18 0.0 True 3
15 22 1750 20 18 0.0 True 3
15 22 1750 20 18 3.2116888888888875 True 9
15 22 1750 20 18 55.450196354204536 True 26
15 22 1750 20 18 67.47271984255819 True 27
15 22 1750 20 18 0.0 True 0
15 22 1750 20 18 53.179826221665536 True 42
15 22 1750 20 18 61.8997920461264 True 27
15 22 1750 20 18 56.372400885067854 True 26
15 22 1750 20 18 11.95320489408327 True 9
15 22 1750 20 18 55.09815863360426 False 49
15 22 1750 20 18 64.41797645129525 False 49
15 22 1750 20 18 0.0 True 1
15 22 1750 20 18 0.0 True 4
15 22 1750 20 18 53.4476648618058 True 23
15 22 1750 20 18 55.54163302507163 True 35
15 22 1750 20 18 57.47764531033327 True 43
15 22 1750 20 18 57.45074321638754 False 49
15 22 1750 20 18 58.07263695733258 True 33
15 22 1750 20 18 64.14493163375573 True 18
15 22 1750 20 18 0.0 True 4
15 22 1750 20 18 0.0 True 1
15 22 1750 20 18 63.21490272793727 True 36
15 22 1750 20 18 63.85539928734384 True 41
15 22 1750 20 18 0.0 True 4
15 22 1750 20 18 51.52587718710881 True 43
15 22 1750 20 18 0.0 True 1
15 22 1750 20 18 60.52055095729086 True 27
15 22 1750 20 18 55.61470349380313 True 31
15 22 1750 20 18 51.616126190919715 True 21
15 22 1750 20 18 0.0 True 0
15 22 1750 20 18 0.0 True 0
15 22 1750 20 18 0.0 True 2
15 22 1750 20 18 56.388360516400724 True 26
15 22 1750 20 18 0.0 True 0
15 22 1750 20 18 0.0 True 0
15 22 1750 20 18 51.51540269688095 True 27
15 22 1750 20 18 57.87308218813255 True 27
15 22 1750 20 18 60.44292157613419 False 49
15 22 1750 20 18 0.0 True 3
15 22 1750 20 18 59.364346421079254 True 30
15 24 1050 40 13 40.38613716957957 True 31
15 24 1050 40 13 44.02158580977577 True 33
15 24 1050 40 13 0.056695534835768224 False 49
15 24 1050 40 13 44.20966316335317 True 22
15 24 1050 40 13 0.08150477239474392 False 49
15 24 1050 40 13 40.92134008800061 True 33
15 24 1050 40 13 54.178099260708166 True 39
15 24 1050 40 13 40.7484044437036 True 39
15 24 1050 40 13 43.46480377160165 True 27
15 24 1050 40 13 44.88316991497586 False 49
15 24 1050 40 13 0.06834607720570361 False 49
15 24 1050 40 13 0.0927227566325843 False 49
15 24 1050 40 13 36.24002763122067 True 35
15 24 1050 40 13 41.631419641780575 True 29
15 24 1050 40 13 25.641338252788227 False 49
15 24 1050 40 13 37.61628343896861 True 34
15 24 1050 40 13 41.53365130405268 True 31
15 24 1050 40 13 44.99119713209308 False 49
15 24 1050 40 13 49.431638318971565 True 39
15 24 1050 40 13 0.044448240870030756 False 49
15 24 1050 40 13 44.64506433425732 True 34
15 24 1050 40 13 35.29625020460533 True 38
15 24 1050 40 13 45.7818393278214 True 38
15 24 1050 40 13 50.85707982903553 False 49
15 24 1050 40 13 0.11398135219134212 False 49
15 24 1050 40 13 43.963078201200915 True 29
15 24 1050 40 13 46.2963249272964 True 32
15 24 1050 40 13 0.0 True 3
15 24 1050 40 13 0.09768478897346969 False 49
15 24 1050 40 13 15.115906785525109 False 49
15 24 1050 40 13 0.0 True 0
15 24 1050 40 13 0.08616573641801692 False 49
15 24 1050 40 13 50.892410872918404 True 32
15 24 1050 40 13 45.452273518064054 False 49
15 24 1050 40 13 44.11173343784474 False 49
15 24 1050 40 13 51.15850195580472 True 23
15 24 1050 40 13 43.65554558989809 True 39
15 24 1050 40 13 48.58860593370449 True 33
15 24 1050 40 13 36.46263134375185 True 37
15 24 1050 40 13 44.16971044807008 True 26
15 24 1050 40 13 45.33872034074328 True 40
15 24 1050 40 13 0.0 True 3
15 24 1050 40 13 19.980847797568 False 49
15 24 1050 40 13 0.0 True 3
15 24 1050 40 13 49.47658213986699 True 45
15 24 1050 40 13 0.0 True 0
15 24 1050 40 13 34.45994321803409 True 43
15 24 1050 40 13 30.51363598706692 True 34
15 24 1050 40 13 0.0 True 0
15 24 1050 40 13 1.1154389674954626 False 49
15 24 1050 40 13 28.70340522634683 True 37
15 24 1050 40 13 0.1648806537658361 False 49
15 24 1050 40 13 0.12289986937525268 False 49
15 24 1050 40 13 32.57613556043673 True 40
15 24 1050 40 13 42.31587159598164 True 22
15 24 1050 40 13 0.059145476118663574 False 49
15 24 1050 40 13 0.0 True 0
15 24 1050 40 13 39.70149293739535 True 44
15 24 1050 40 13 0.30187871581450526 True 6
15 24 1050 40 13 46.944204524844615 True 37
15 24 1050 40 13 0.0775370478807265 False 49
15 24 1050 40 13 0.06228998693752499 False 49
15 24 1050 40 13 41.85012294774757 True 31
15 24 1050 40 13 43.364416059631715 True 37
15 24 1050 40 13 0.08580244133147089 False 49
15 24 1050 40 13 0.08949699643159184 False 49
15 24 1050 40 13 41.570460249775486 True 37
15 24 1050 40 13 2.3286072790594643 False 49
15 24 1050 40 13 45.45804432534343 True 41
15 24 1050 40 13 41.69376642739474 True 35
15 24 1050 40 13 37.77439135918964 True 30
15 24 1050 40 13 37.14089474062596 True 24
15 24 1050 40 13 0.0 True 0
15 24 1050 40 13 0.13249403180036992 False 49
15 24 1050 40 13 36.39080394182322 True 24
15 24 1050 40 13 0.8985440915093218 False 49
15 24 1050 40 13 0.09438764019638665 False 49
15 24 1050 40 13 36.91783367365527 True 37
15 24 1050 40 13 0.08198971417703901 False 49
15 24 1050 40 13 38.22700426771622 True 26
15 24 1050 40 13 47.96246599840792 True 48
15 24 1050 40 13 45.1358085450027 False 49
15 24 1050 40 13 34.368217544462986 True 28
15 24 1050 40 13 42.23148061898663 True 37
15 24 1050 40 13 46.78051806135125 True 29
15 24 1050 40 13 48.484615791634106 False 49
15 24 1050 40 13 41.81287864704438 True 37
15 24 1050 40 13 0.0 True 0
15 24 1050 40 13 34.907696537073896 True 28
15 24 1050 40 13 0.15693854308183605 False 49
15 24 1050 40 13 0.062140549802490064 False 49
15 24 1050 40 13 0.10025936995908631 False 49
15 24 1050 40 13 40.70461120175905 True 30
15 24 1050 40 13 42.58614419828565 True 40
15 24 1050 40 13 42.56875849784145 True 26
15 24 1050 40 13 0.062773001816735 False 49
15 24 1050 40 13 43.38707674909245 True 29
15 24 1050 40 13 0.09091408171355815 False 49
15 24 1050 40 13 45.27167585472565 True 32
15 24 1050 40 13 46.559717584397205 True 37
15 24 1100 45 20 0.0 True 1
15 24 1100 45 20 43.092934583844404 True 35
15 24 1100 45 20 41.85950520776016 True 32
15 24 1100 45 20 42.23665419306376 False 49
15 24 1100 45 20 39.836109102526784 True 37
15 24 1100 45 20 42.38511785771062 True 31
15 24 1100 45 20 29.489030010925504 True 38
15 24 1100 45 20 31.38451461399845 True 32
15 24 1100 45 20 44.44795949890818 True 26
15 24 1100 45 20 39.46708400113462 True 38
15 24 1100 45 20 28.782600397040774 False 49
15 24 1100 45 20 25.196562092614933 True 48
15 24 1100 45 20 37.81837508965471 True 35
15 24 1100 45 20 2.4372439667215398 False 49
15 24 1100 45 20 0.0 True 0
15 24 1100 45 20 38.45860093438494 True 31
15 24 1100 45 20 37.93505550673367 True 28
15 24 1100 45 20 0.08687671726498837 True 17
15 24 1100 45 20 0.0 True 0
15 24 1100 45 20 39.12132356525295 True 45
15 24 1100 45 20 40.485976787140274 False 49
15 24 1100 45 20 16.771649442215313 False 49
15 24 1100 45 20 41.33446514590094 True 36
15 24 1100 45 20 44.2134652990814 True 42
15 24 1100 45 20 38.76951178010833 True 35
15 24 1100 45 20 32.38482639323681 True 37
15 24 1100 45 20 3.5107314060222636 True 16
15 24 1100 45 20 37.35091095777692 True 31
15 24 1100 45 20 35.38243384567322 True 38
15 24 1100 45 20 37.57039528953709 True 27
15 24 1100 45 20 32.871974625075055 False 49
15 24 1100 45 20 35.57095515195282 True 25
15 24 1100 45 20 42.30279147108448 True 22
15 24 1100 45 20 2.776218787158142 True 9
15 24 1100 45 20 20.872774271409867 False 49
15 24 1100 45 20 27.77138670166618 False 49
15 24 1100 45 20 22.22024503856357 False 49
15 24 1100 45 20 23.82869479499066 False 49
15 24 1100 45 20 35.407186827235364 True 37
15 24 1100 45 20 0.0 True 2
15 24 1100 45 20 0.0 True 1
15 24 1100 45 20 18.01054883768873 False 49
15 24 1100 45 20 0.0 True 1
15 24 1100 45 20 35.681245232103315 True 31
15 24 1100 45 20 24.97418047474997 True 41
15 24 1100 45 20 42.45887860879778 False 49
15 24 1100 45 20 1.9192397410399273 False 49
15 24 1100 45 20 0.09900835869849886 False 49
15 24 1100 45 20 11.759518809349895 True 8
15 24 1100 45 20 36.54677630093685 True 26
15 24 1100 45 20 37.86541692283578 True 33
15 24 1100 45 20 39.507115974124 True 39
15 24 1100 45 20 0.9656665872410557 False 49
15 24 1100 45 20 0.0 True 3
15 24 1100 45 20 33.96933211505587 True 27
15 24 1100 45 20 39.24558795947448 True 40
15 24 1100 45 20 21.756694952057906 False 49
15 24 1100 45 20 42.99872332412775 True 32
15 24 1100 45 20 11.732906953424951 True 48
15 24 1100 45 20 40.6524536100034 True 31
15 24 1100 45 20 39.27248551826475 True 33
15 24 1100 45 20 41.76947912022382 True 34
15 24 1100 45 20 41.41128213556181 True 26
15 24 1100 45 20 0.0 True 3
15 24 1100 45 20 29.569427019615752 False 49
15 24 1100 45 20 31.868560396672095 True 43
15 24 1100 45 20 40.703615944630954 True 30
15 24 1100 45 20 38.64601844939756 True 22
15 24 1100 45 20 4.57321899428542 True 10
15 24 1100 45 20 41.91720848071499 True 39
15 24 1100 45 20 30.560264817070706 True 42
15 24 1100 45 20 39.616831856925494 True 26
15 24 1100 45 20 40.593366650783125 True 22
15 24 1100 45 20 35.75924250229346 False 49
15 24 1100 45 20 39.020009861116094 True 26
15 24 1100 45 20 28.57883994150301 True 48
15 24 1100 45 20 41.27986097594371 True 35
15 24 1100 45 20 9.822933061832009 False 49
15 24 1100 45 20 17.53789512688798 False 49
15 24 1100 45 20 43.11703572925771 True 36
15 24 1100 45 20 41.79754617272391 True 47
15 24 1100 45 20 37.53937855014183 True 33
15 24 1100 45 20 14.601259976075022 False 49
15 24 1100 45 20 0.0 True 0
15 24 1100 45 20 37.76542554959609 True 37
15 24 1100 45 20 0.40276308618610895 False 49
15 24 1100 45 20 0.7819480043034909 False 49
15 24 1100 45 20 1.1024970273483925 True 5
15 24 1100 45 20 18.213527196817843 False 49
15 24 1100 45 20 1.0689959855441866 True 26
15 24 1100 45 20 37.956077953219435 True 33
15 24 1100 45 20 38.19023952116369 True 46
15 24 1100 45 20 42.59393426919859 True 25
15 24 1100 45 20 42.55766685225752 True 44
15 24 1100 45 20 37.0883473093517 True 26
15 24 1100 45 20 43.73230136175693 True 30
15 24 1100 45 20 44.02658653085038 True 23
15 24 1100 45 20 48.701689645509134 True 27
15 24 1100 45 20 1.3615106966471904 False 49
15 24 1100 45 20 0.0 True 0
15 24 1150 40 19 41.06626332432451 True 46
15 24 1150 40 19 31.235880743585483 True 45
15 24 1150 40 19 0.0 True 4
15 24 1150 40 19 0.0 True 4
15 24 1150 40 19 0.0 True 1
15 24 1150 40 19 0.0 True 4
15 24 1150 40 19 44.70554342379481 True 41
15 24 1150 40 19 47.18498189131197 True 20
15 24 1150 40 19 40.74063579567526 True 31
15 24 1150 40 19 44.12063331136849 True 25
15 24 1150 40 19 35.914229360101004 True 22
15 24 1150 40 19 0.17868371494777519 False 49
15 24 1150 40 19 30.283206464547526 False 49
15 24 1150 40 19 42.1508050763372 True 26
15 24 1150 40 19 22.435223873791944 False 49
15 24 1150 40 19 0.0 True 0
15 24 1150 40 19 35.953155249153376 True 32
15 24 1150 40 19 25.104122938648924 True 42
15 24 1150 40 19 36.77422753805256 True 33
15 24 1150 40 19 31.32063933894053 False 49
15 24 1150 40 19 48.752103484039004 True 38
15 24 1150 40 19 48.16111208656442 True 28
15 24 1150 40 19 34.16556768094382 True 24
15 24 1150 40 19 0.0 True 2
15 24 1150 40 19 20.81565359545698 False 49
15 24 1150 40 19 9.180925858290722 True 7
15 24 1150 40 19 44.164113061384 True 45
15 24 1150 40 19 1.6733421912384228 False 49
15 24 1150 40 19 44.520700471123625 True 24
15 24 1150 40 19 33.72255205088954 True 45
15 24 1150 40 19 21.95138655267589 False 49
15 24 1150 40 19 0.0 True 3
15 24 1150 40 19 41.68093903519386 True 43
15 24 1150 40 19 0.09286969055447894 True 21
15 24 1150 40 19 45.93018213431361 True 27
15 24 1150 40 19 3.338644470868014 True 9
15 24 1150 40 19 43.581960555381265 True 43
15 24 1150 40 19 43.250592110869924 True 24
15 24 1150 40 19 0.031530111256249674 True 7
15 24 1150 40 19 46.90626519506584 True 35
15 24 1150 40 19 0.22971938200981853 True 11
15 24 1150 40 19 6.130072747045099 True 47
15 24 1150 40 19 39.92530171805827 True 32
15 24 1150 40 19 45.40664604163771 True 32
15 24 1150 40 19 0.7527913304559928 True 5
15 24 1150 40 19 47.790975157373325 True 37
15 24 1150 40 19 36.11043681425083 True 33
15 24 1150 40 19 0.0 True 0
15 24 1150 40 19 0.0 True 1
15 24 1150 40 19 5.7063178780365895 True 15
15 24 1150 40 19 40.19145434536532 True 43
15 24 1150 40 19 47.324509829845645 True 19
15 24 1150 40 19 0.0 True 0
15 24 1150 40 19 42.686154679153034 True 40
15 24 1150 40 19 38.90532633787872 True 34
15 24 1150 40 19 43.88862714179956 True 22
15 24 1150 40 19 7.524776363673449 False 49
15 24 1150 40 19 26.997914749781234 True 40
15 24 1150 40 19 42.06623812524677 True 40
15 24 1150 40 19 47.35374270009303 False 49
15 24 1150 40 19 39.25257165840243 True 24
15 24 1150 40 19 42.9385022117612 True 26
15 24 1150 40 19 0.0 True 3
15 24 1150 40 19 5.947617683487728 False 49
15 24 1150 40 19 51.246821875057286 True 46
15 24 1150 40 19 44.819306896948035 True 40
15 24 1150 40 19 41.1922360848999 True 23
15 24 1150 40 19 0.0 True 0
15 24 1150 40 19 12.858160951455417 True 5
15 24 1150 40 19 36.77300662548642 False 49
15 24 1150 40 19 46.65998687866791 True 34
15 24 1150 40 19 5.539809992283955 True 7
15 24 1150 40 19 44.408121203010815 True 35
15 24 1150 40 19 22.34006270723254 False 49
15 24 1150 40 19 37.686373180512405 True 27
15 24 1150 40 19 38.98688480441012 True 31
15 24 1150 40 19 0.0 True 0
15 24 1150 40 19 34.228799539047245 True 32
15 24 1150 40 19 39.547932692571464 False 49
15 24 1150 40 19 0.0 True 0
15 24 1150 40 19 35.087753439110415 False 49
15 24 1150 40 19 39.06369718854318 True 29
15 24 1150 40 19 40.829530417259576 True 40
15 24 1150 40 19 19.95040533609233 True 46
15 24 1150 40 19 41.95213428161267 True 40
15 24 1150 40 19 39.71005574506651 False 49
15 24 1150 40 19 46.181514388225594 True 45
15 24 1150 40 19 0.0 True 3
15 24 1150 40 19 1.7417746689586981 False 49
15 24 1150 40 19 15.381214320013555 False 49
15 24 1150 40 19 40.20504344795554 True 27
15 24 1150 40 19 46.9237545800387 True 26
15 24 1150 40 19 5.99623453469607 True 5
15 24 1150 40 19 45.67001664004762 True 33
15 24 1150 40 19 0.0 True 2
15 24 1150 40 19 43.460085302513114 True 31
15 24 1150 40 19 46.45958639580362 True 40
15 24 1150 40 19 0.0 True 3
15 24 1150 40 19 0.0 True 2
15 24 1150 40 19 42.66672046802295 True 36
15 26 1000 25 16 0.0 True 0
15 26 1000 25 16 44.33050409662461 True 39
15 26 1000 25 16 41.0084888369554 True 40
15 26 1000 25 16 41.701006973547365 True 27
15 26 1000 25 16 41.546566052777976 True 29
15 26 1000 25 16 0.0 True 3
15 26 1000 25 16 41.4294808444913 True 23
15 26 1000 25 16 41.872384902878046 True 32
15 26 1000 25 16 44.25157131056384 True 30
15 26 1000 25 16 43.651961741570666 True 28
15 26 1000 25 16 42.67022280376154 False 49
15 26 1000 25 16 11.7593923130194 True 5
15 26 1000 25 16 45.15795559317948 True 39
15 26 1000 25 16 23.026522983853773 True 38
15 26 1000 25 16 42.70226126346985 True 46
15 26 1000 25 16 35.85223615219669 True 31
15 26 1000 25 16 45.1522101119864 True 20
15 26 1000 25 16 38.626678233058605 True 34
15 26 1000 25 16 40.912259495815995 True 26
15 26 1000 25 16 38.81688349865667 True 29
15 26 1000 25 16 36.33034915990317 True 27
15 26 1000 25 16 3.7829564646275187 True 7
15 26 1000 25 16 0.0 True 0
15 26 1000 25 16 44.274972575323936 True 28
15 26 1000 25 16 44.89305983461227 True 35
15 26 1000 25 16 41.09380967282417 True 42
15 26 1000 25 16 39.44709794946381 True 36
15 26 1000 25 16 45.97534413828106 True 39
15 26 1000 25 16 41.78886748493269 True 26
15 26 1000 25 16 45.83266050114593 True 35
15 26 1000 25 16 0.0 True 1
15 26 1000 25 16 39.01659526979675 True 30
15 26 1000 25 16 0.0 True 1
15 26 1000 25 16 0.0 True 1
15 26 1000 25 16 42.316820069636066 True 36
15 26 1000 25 16 38.25275636181747 True 33
15 26 1000 25 16 0.0 True 0
15 26 1000 25 16 41.68892553469006 True 34
15 26 1000 25 16 39.382533511475756 True 43
15 26 1000 25 16 42.30096758364678 True 36
15 26 1000 25 16 41.929706905364036 True 28
15 26 1000 25 16 38.82886214703915 True 29
15 26 1000 25 16 0.0 True 0
15 26 1000 25 16 47.15564148714932 True 47
15 26 1000 25 16 42.53315503756111 True 47
15 26 1000 25 16 40.62154281235031 True 32
15 26 1000 25 16 35.0987746584839 True 24
15 26 1000 25 16 38.62072937290874 True 24
15 26 1000 25 16 28.864625099033702 True 49
15 26 1000 25 16 0.0 True 2
15 26 1000 25 16 39.494748522788754 True 24
15 26 1000 25 16 48.44602160656505 True 30
15 26 1000 25 16 0.0 True 1
15 26 1000 25 16 44.57176134075214 True 40
15 26 1000 25 16 39.9922098560265 True 24
15 26 1000 25 16 40.37753159071471 True 42
15 26 1000 25 16 0.0 True 0
15 26 1000 25 16 42.717648456881896 True 22
15 26 1000 25 16 1.554166524057616 False 49
15 26 1000 25 16 46.17759068181052 True 23
15 26 1000 25 16 39.8844809621175 True 14
15 26 1000 25 16 41.833116435784234 True 32
15 26 1000 25 16 0.0 True 4
15 26 1000 25 16 0.0 True 3
15 26 1000 25 16 0.0 True 0
15 26 1000 25 16 51.17367054779387 False 49
15 26 1000 25 16 45.47118257881416 False 49
15 26 1000 25 16 42.097166455624766 True 31
15 26 1000 25 16 32.6036025610031 True 38
15 26 1000 25 16 42.32235088709944 True 39
15 26 1000 25 16 44.36782467795888 True 28
15 26 1000 25 16 0.0 True 1
15 26 1000 25 16 0.0 True 1
15 26 1000 25 16 39.72240103063233 True 28
15 26 1000 25 16 45.198048302358025 True 33
15 26 1000 25 16 35.72849842252115 False 49
15 26 1000 25 16 44.81214608405167 True 39
15 26 1000 25 16 50.282571562637465 True 24
15 26 1000 25 16 43.99093679701087 True 29
15 26 1000 25 16 44.59668311128041 True 36
15 26 1000 25 16 12.96060824162057 True 26
15 26 1000 25 16 0.0 True 4
15 26 1000 25 16 45.303354306803776 True 26
15 26 1000 25 16 45.59937714271776 False 49
15 26 1000 25 16 39.157761441642165 True 45
15 26 1000 25 16 28.007105161778828 True 29
15 26 1000 25 16 45.4529234811197 True 30
15 26 1000 25 16 40.03307239845514 True 30
15 26 1000 25 16 0.0 True 0
15 26 1000 25 16 48.72253735877782 True 28
15 26 1000 25 16 40.387713119932464 True 35
15 26 1000 25 16 46.54066844947821 True 43
15 26 1000 25 16 45.40226653513293 False 49
15 26 1000 25 16 0.0 True 0
15 26 1000 25 16 42.698219525903106 True 28
15 26 1000 25 16 32.31109821461687 True 24
15 26 1000 25 16 0.0 True 3
15 26 1000 25 16 37.727136186682166 True 25
15 26 1000 25 16 44.49212901476618 True 32
15 26 1000 25 16 36.04951844161915 True 28
15 32 1100 20 19 16.746753246109996 False 49
15 32 1100 20 19 0.0 True 2
15 32 1100 20 19 0.0 True 2
15 32 1100 20 19 32.54162698952406 True 40
15 32 1100 20 19 34.211749345677724 False 49
15 32 1100 20 19 30.506692835933983 True 31
15 32 1100 20 19 35.88918118665984 True 30
15 32 1100 20 19 36.38973598274229 True 24
15 32 1100 20 19 32.88490480968402 True 31
15 32 1100 20 19 34.60170063833508 True 24
15 32 1100 20 19 30.15428573784937 True 32
15 32 1100 20 19 44.01773026392256 True 32
15 32 1100 20 19 30.949198760343965 True 32
15 32 1100 20 19 40.173050156108744 True 30
15 32 1100 20 19 0.0 True 1
15 32 1100 20 19 38.29428604452487 False 49
15 32 1100 20 19 0.0 True 3
15 32 1100 20 19 36.31440533279368 True 26
15 32 1100 20 19 33.454345787117816 True 31
15 32 1100 20 19 40.432072497944084 True 39
15 32 1100 20 19 34.950408148125916 True 27
15 32 1100 20 19 37.91731746802389 True 23
15 32 1100 20 19 40.78145675912193 True 38
15 32 1100 20 19 30.260667367445784 True 39
15 32 1100 20 19 38.29865182828927 True 31
15 32 1100 20 19 40.29822107622826 True 41
15 32 1100 20 19 29.030033039326195 True 36
15 32 1100 20 19 36.81938315375366 True 36
15 32 1100 20 19 37.586794828257055 False 49
15 32 1100 20 19 0.0 True 0
15 32 1100 20 19 37.273156869997294 True 44
15 32 1100 20 19 35.362310421873374 True 43
15 32 1100 20 19 34.92009868325738 True 36
15 32 1100 20 19 38.88835802913172 True 33
15 32 1100 20 19 33.26718200872333 True 33
15 32 1100 20 19 34.382778899728635 True 26
15 32 1100 20 19 0.0 True 0
15 32 1100 20 19 32.10165603589341 True 37
15 32 1100 20 19 36.18930663559904 True 27
15 32 1100 20 19 40.69129801289968 True 30
15 32 1100 20 19 39.53104341973866 True 34
15 32 1100 20 19 37.53140652624148 False 49
15 32 1100 20 19 31.42506214394232 True 32
15 32 1100 20 19 36.24546276364097 True 36
15 32 1100 20 19 35.401824602798726 True 36
15 32 1100 20 19 34.795799923953936 False 49
15 32 1100 20 19 0.0 True 2
15 32 1100 20 19 32.57906105848407 False 49
15 32 1100 20 19 38.04831498614299 True 35
15 32 1100 20 19 32.804230556052765 True 34
15 32 1100 20 19 42.276343085467715 True 21
15 32 1100 20 19 33.91005250425334 True 34
15 32 1100 20 19 38.68289144883222 False 49
15 32 1100 20 19 31.950383682753365 True 34
15 32 1100 20 19 40.33452953248606 True 32
15 32 1100 20 19 30.26972576072463 True 42
15 32 1100 20 19 36.100872292468274 True 29
15 32 1100 20 19 34.09366582166798 True 24
15 32 1100 20 19 36.49498669058135 True 31
15 32 1100 20 19 0.0 True 1
15 32 1100 20 19 34.65888461245295 False 49
15 32 1100 20 19 31.634892982078842 True 30
15 32 1100 20 19 35.52349198664491 True 39
15 32 1100 20 19 35.09767440640942 True 34
15 32 1100 20 19 0.0 True 1
15 32 1100 20 19 32.83635419159879 True 27
15 32 1100 20 19 0.0 True 3
15 32 1100 20 19 39.06095476749119 False 49
15 32 1100 20 19 39.66019325638149 True 27
15 32 1100 20 19 33.5148113167883 True 44
15 32 1100 20 19 35.58435771148034 True 38
15 32 1100 20 19 40.39679564064103 True 32
15 32 1100 20 19 32.611522313614095 True 28
15 32 1100 20 19 36.76698359788802 True 31
15 32 1100 20 19 34.79176132049352 True 37
15 32 1100 20 19 37.804384026829105 True 36
15 32 1100 20 19 35.07600660278318 False 49
15 32 1100 20 19 0.0 True 0
15 32 1100 20 19 33.29791132236592 True 25
15 32 1100 20 19 33.638074216478 True 42
15 32 1100 20 19 0.0 True 0
15 32 1100 20 19 37.98876932957457 True 26
15 32 1100 20 19 38.776379639736994 True 27
15 32 1100 20 19 32.40220579497387 False 49
15 32 1100 20 19 34.05877797854116 True 38
15 32 1100 20 19 0.0 True 3
15 32 1100 20 19 10.944454869581518 True 5
15 32 1100 20 19 38.910679362457735 True 27
15 32 1100 20 19 33.28449032444655 True 46
15 32 1100 20 19 0.0 True 3
15 32 1100 20 19 33.64332143324027 True 28
15 32 1100 20 19 29.199455332702577 True 24
15 32 1100 20 19 33.521427462592655 True 36
15 32 1100 20 19 44.394585692652846 True 32
15 32 1100 20 19 32.08755636763419 True 43
15 32 1100 20 19 36.8472333495608 True 32
15 32 1100 20 19 29.717957705156042 True 32
15 32 1100 20 19 34.62284107803039 True 33
15 32 1100 20 19 37.51762094320086 True 44
15 32 1100 20 19 37.47167948713833 False 49
15 32 1550 35 11 0.052049105695939867 False 49
15 32 1550 35 11 37.706329398714814 True 40
15 32 1550 35 11 39.602513946847246 True 42
15 32 1550 35 11 43.41706861485333 True 42
15 32 1550 35 11 0.09849785726822764 False 49
15 32 1550 35 11 38.79363537953254 True 30
15 32 1550 35 11 44.32029136796063 True 41
15 32 1550 35 11 39.682527386113634 True 34
15 32 1550 35 11 39.0891888332244 True 26
15 32 1550 35 11 45.77193667030635 True 45
15 32 1550 35 11 41.43186220352095 True 26
15 32 1550 35 11 33.712672812575214 True 31
15 32 1550 35 11 3.262677881559003 True 5
15 32 1550 35 11 0.03336572724327832 True 6
15 32 1550 35 11 0.0 True 1
15 32 1550 35 11 0.0 True 2
15 32 1550 35 11 0.0 True 3
15 32 1550 35 11 39.06796099356556 True 31
15 32 1550 35 11 0.0 True 2
15 32 1550 35 11 0.0 True 1
15 32 1550 35 11 38.28489765272714 True 32
15 32 1550 35 11 0.13138297073705416 True 26
15 32 1550 35 11 43.8953366384811 True 27
15 32 1550 35 11 36.80322213709885 True 39
15 32 1550 35 11 0.07380409311710787 False 49
15 32 1550 35 11 0.0 True 1
15 32 1550 35 11 38.197295401696906 True 29
15 32 1550 35 11 42.11512352199108 True 26
15 32 1550 35 11 39.17068106079877 True 22
15 32 1550 35 11 0.0 True 2
15 32 1550 35 11 32.61115721272831 False 49
15 32 1550 35 11 40.59850821419393 True 34
15 32 1550 35 11 6.347428876969882 False 49
15 32 1550 35 11 39.86299013758792 True 29
15 32 1550 35 11 28.19244184166961 True 30
15 32 1550 35 11 0.10273421327831962 False 49
15 32 1550 35 11 33.65148004729179 True 31
15 32 1550 35 11 41.566539561157086 True 22
15 32 1550 35 11 37.074788397982395 True 38
15 32 1550 35 11 39.14504353931342 True 36
15 32 1550 35 11 0.0 True 3
15 32 1550 35 11 41.75080946027624 False 49
15 32 1550 35 11 45.063687850432245 True 37
15 32 1550 35 11 39.82102910911796 True 36
15 32 1550 35 11 33.575037801109005 False 49
15 32 1550 35 11 0.07870706119150149 False 49
15 32 1550 35 11 0.0772207882527815 False 49
15 32 1550 35 11 36.16513191230967 True 33
15 32 1550 35 11 13.360519147572507 True 7
15 32 1550 35 11 0.0 True 1
15 32 1550 35 11 36.36885844912772 True 33
15 32 1550 35 11 32.89104304057894 True 28
15 32 1550 35 11 0.0 True 2
15 32 1550 35 11 33.76549764757658 True 29
15 32 1550 35 11 0.0 True 3
15 32 1550 35 11 0.0 True 4
15 32 1550 35 11 41.56897098632496 True 47
15 32 1550 35 11 34.38411616013304 True 35
15 32 1550 35 11 42.21049617247216 True 32
15 32 1550 35 11 41.61979898011806 True 24
15 32 1550 35 11 27.62679733651032 False 49
15 32 1550 35 11 39.81631369014519 True 31
15 32 1550 35 11 10.451572144223265 False 49
15 32 1550 35 11 36.504571210591976 True 33
15 32 1550 35 11 0.0 True 4
15 32 1550 35 11 0.08469385428869816 False 49
15 32 1550 35 11 40.17006572460435 True 44
15 32 1550 35 11 43.02106393359534 True 26
15 32 1550 35 11 38.87935149410496 True 28
15 32 1550 35 11 35.06968167148232 True 36
15 32 1550 35 11 0.10039187423989886 False 49
15 32 1550 35 11 32.243192367096526 True 39
15 32 1550 35 11 30.779418520414453 True 16
15 32 1550 35 11 2.685705245390438 True 30
15 32 1550 35 11 0.0 True 3
15 32 1550 35 11 0.0 True 1
15 32 1550 35 11 35.00289574016571 True 43
15 32 1550 35 11 37.12124667431327 True 44
15 32 1550 35 11 41.85206134331468 True 25
15 32 1550 35 11 0.0 True 2
15 32 1550 35 11 29.7797951924598 True 45
15 32 1550 35 11 45.93325847798381 False 49
15 32 1550 35 11 46.28771362620894 True 35
15 32 1550 35 11 0.0 True 4
15 32 1550 35 11 44.94035176041026 True 24
15 32 1550 35 11 44.90409952738941 True 29
15 32 1550 35 11 0.0784541232877397 False 49
15 32 1550 35 11 33.77530197601461 True 41
15 32 1550 35 11 37.299887047648625 False 49
15 32 1550 35 11 39.30580520686687 True 29
15 32 1550 35 11 44.804078803167904 True 30
15 32 1550 35 11 40.863782607556686 True 35
15 32 1550 35 11 0.056590428235370895 False 49
15 32 1550 35 11 37.154412746604734 True 47
15 32 1550 35 11 40.2820627141905 False 49
15 32 1550 35 11 0.0 True 2
15 32 1550 35 11 0.05953733449520273 False 49
15 32 1550 35 11 38.047947123822944 True 35
15 32 1550 35 11 40.85681191120307 False 49
15 32 1550 35 11 40.10991996456952 True 32
15 34 1200 40 19 27.384267418098165 False 49
15 34 1200 40 19 32.44265755476992 False 49
15 34 1200 40 19 33.34058289539143 True 43
15 34 1200 40 19 32.81501361852157 True 38
15 34 1200 40 19 28.412195042377824 True 31
15 34 1200 40 19 31.97202679637304 True 35
15 34 1200 40 19 35.652790442743026 True 40
15 34 1200 40 19 31.398452219619 True 34
15 34 1200 40 19 0.0 True 3
15 34 1200 40 19 33.75650571931376 True 30
15 34 1200 40 19 29.566933290621716 True 38
15 34 1200 40 19 33.09040231453195 True 36
15 34 1200 40 19 29.89841651482728 True 39
15 34 1200 40 19 27.26232048202042 True 36
15 34 1200 40 19 28.948400697247706 False 49
15 34 1200 40 19 28.299404132576576 True 38
15 34 1200 40 19 30.497750193736284 True 38
15 34 1200 40 19 32.90460979326678 True 35
15 34 1200 40 19 30.47893909398097 True 41
15 34 1200 40 19 28.74373378314093 True 34
15 34 1200 40 19 28.90501612617554 True 36
15 34 1200 40 19 30.183402784840226 True 38
15 34 1200 40 19 30.90776091468388 True 34
15 34 1200 40 19 34.857285689870594 True 47
15 34 1200 40 19 0.0 True 1
15 34 1200 40 19 30.27691549013513 True 44
15 34 1200 40 19 34.102729033910364 True 37
15 34 1200 40 19 29.180626262912938 True 39
15 34 1200 40 19 30.759325833631152 True 46
15 34 1200 40 19 30.05416472051299 True 40
15 34 1200 40 19 33.60419262188686 True 39
15 34 1200 40 19 33.2261411075241 True 44
15 34 1200 40 19 28.105778797800802 False 49
15 34 1200 40 19 26.025297933385247 True 37
15 34 1200 40 19 30.102037850353593 True 37
15 34 1200 40 19 29.27579970627393 True 37
15 34 1200 40 19 27.09107544167647 False 49
15 34 1200 40 19 7.906515239197527 True 6
15 34 1200 40 19 30.11107556665515 True 32
15 34 1200 40 19 23.95288534197028 True 33
15 34 1200 40 19 29.766483350603515 True 33
15 34 1200 40 19 29.97881644360661 True 47
15 34 1200 40 19 26.868650805803576 True 42
15 34 1200 40 19 0.0 True 3
15 34 1200 40 19 0.0 True 1
15 34 1200 40 19 30.901355032224146 True 35
15 34 1200 40 19 30.664896439622908 True 43
15 34 1200 40 19 0.0 True 4
15 34 1200 40 19 26.675902622249204 True 39
15 34 1200 40 19 0.0 True 0
15 34 1200 40 19 0.0 True 4
15 34 1200 40 19 31.293051449203166 True 30
15 34 1200 40 19 29.312264778723133 True 39
15 34 1200 40 19 29.59408133234229 True 35
15 34 1200 40 19 29.87907280699864 True 37
15 34 1200 40 19 32.90209457413982 True 31
15 34 1200 40 19 29.949252311225056 True 38
15 34 1200 40 19 29.46945024363459 True 31
15 34 1200 40 19 34.1624352702006 True 29
15 34 1200 40 19 32.82239912373245 True 37
15 34 1200 40 19 31.08481124710199 True 33
15 34 1200 40 19 35.66430272429712 True 33
15 34 1200 40 19 28.32278814384036 True 31
15 34 1200 40 19 29.457102492201052 True 37
15 34 1200 40 19 29.877233836608784 True 30
15 34 1200 40 19 32.163488894700194 True 32
15 34 1200 40 19 28.491864369233014 True 38
15 34 1200 40 19 0.0 True 3
15 34 1200 40 19 24.900769304013362 False 49
15 34 1200 40 19 33.78320690681342 True 34
15 34 1200 40 19 0.0 True 1
15 34 1200 40 19 0.0 True 0
15 34 1200 40 19 30.698521452585723 True 42
15 34 1200 40 19 29.734637751478676 True 49
15 34 1200 40 19 27.64503666739115 True 41
15 34 1200 40 19 30.82468155902999 True 45
15 34 1200 40 19 30.613062672258405 True 44
15 34 1200 40 19 0.0 True 0
15 34 1200 40 19 30.186501964575164 True 31
15 34 1200 40 19 29.689143356523328 False 49
15 34 1200 40 19 29.150902768300437 True 42
15 34 1200 40 19 28.128809366253044 True 36
15 34 1200 40 19 32.7815454870739 False 49
15 34 1200 40 19 29.72976192507639 True 35
15 34 1200 40 19 29.793609207572608 True 30
15 34 1200 40 19 23.193028296469382 True 40
15 34 1200 40 19 30.478382070365633 True 33
15 34 1200 40 19 29.811127794623353 True 31
15 34 1200 40 19 31.6502475066901 True 38
15 34 1200 40 19 31.992699861926848 False 49
15 34 1200 40 19 33.39151881392225 True 42
15 34 1200 40 19 0.0 True 0
15 34 1200 40 19 28.113339289912492 True 28
15 34 1200 40 19 0.0 True 0
15 34 1200 40 19 31.80645110026894 True 45
15 34 1200 40 19 31.875864703638545 True 34
15 34 1200 40 19 30.573930367724046 True 38
15 34 1200 40 19 33.216593960358395 True 30
15 34 1200 40 19 33.465726169257245 True 32
15 34 1200 40 19 32.591893844349954 True 32
15 36 1550 30 18 32.576173391072146 True 27
15 36 1550 30 18 29.86176058456712 True 35
15 36 1550 30 18 34.20711166331024 True 36
15 36 1550 30 18 31.07053673995309 True 36
15 36 1550 30 18 42.8484163040001 True 27
15 36 1550 30 18 32.26783179982738 True 39
15 36 1550 30 18 30.744450661366034 True 34
15 36 1550 30 18 39.2580554984669 True 27
15 36 1550 30 18 0.0 True 2
15 36 1550 30 18 0.0 True 4
15 36 1550 30 18 33.740652402000336 True 36
15 36 1550 30 18 36.79354119710325 True 47
15 36 1550 30 18 0.0 True 1
15 36 1550 30 18 0.0 True 4
15 36 1550 30 18 33.71676717023575 True 35
15 36 1550 30 18 0.0 True 3
15 36 1550 30 18 39.78688512295891 True 47
15 36 1550 30 18 30.183116611541863 True 29
15 36 1550 30 18 38.521812062858395 True 29
15 36 1550 30 18 27.274606967801702 True 28
15 36 1550 30 18 31.29492054326285 True 37
15 36 1550 30 18 36.34224433484499 True 41
15 36 1550 30 18 0.0 True 0
15 36 1550 30 18 36.34759229757715 True 25
15 36 1550 30 18 30.890172728607425 True 44
15 36 1550 30 18 0.0 True 2
15 36 1550 30 18 38.647885538857466 True 35
15 36 1550 30 18 31.460595051841324 True 25
15 36 1550 30 18 38.7534938120517 True 39
15 36 1550 30 18 33.745267460284595 True 37
15 36 1550 30 18 36.32814928013382 True 37
15 36 1550 30 18 37.22533784821102 True 31
15 36 1550 30 18 0.0 True 0
15 36 1550 30 18 35.663086339302005 True 48
15 36 1550 30 18 30.7476659089673 True 37
15 36 1550 30 18 28.95540584795494 True 33
15 36 1550 30 18 31.560832966778346 True 33
15 36 1550 30 18 28.486470049708704 True 38
15 36 1550 30 18 33.49236080620523 True 37
15 36 1550 30 18 34.995449902806946 True 34
15 36 1550 30 18 0.0 True 2
15 36 1550 30 18 45.33612751691918 True 34
15 36 1550 30 18 33.84446510284747 True 37
15 36 1550 30 18 30.97674830199222 True 42
15 36 1550 30 18 0.0 True 3
15 36 1550 30 18 37.75432530935229 False 49
15 36 1550 30 18 31.24486936045441 True 32
15 36 1550 30 18 35.4813531139458 False 49
15 36 1550 30 18 33.267844089574886 True 41
15 36 1550 30 18 33.40375207711892 True 34
15 36 1550 30 18 36.33587598883326 False 49
15 36 1550 30 18 29.53302727950162 True 35
15 36 1550 30 18 33.70155577774735 True 42
15 36 1550 30 18 40.47244232917689 True 31
15 36 1550 30 18 34.86217479783705 True 37
15 36 1550 30 18 0.0 True 1
15 36 1550 30 18 29.485774213520205 True 32
15 36 1550 30 18 33.3912824245287 True 34
15 36 1550 30 18 33.89980758676088 True 34
15 36 1550 30 18 33.77158685503789 True 31
15 36 1550 30 18 0.0 True 0
15 36 1550 30 18 29.683403886663672 True 40
15 36 1550 30 18 31.75397493335464 True 47
15 36 1550 30 18 31.398671864776322 True 24
15 36 1550 30 18 36.66488500172881 True 35
15 36 1550 30 18 35.15248758958215 True 24
15 36 1550 30 18 33.43195456702102 True 40
15 36 1550 30 18 28.332388741450057 True 44
15 36 1550 30 18 29.708961961044736 True 32
15 36 1550 30 18 35.01165673916656 True 25
15 36 1550 30 18 33.020928999430105 True 32
15 36 1550 30 18 33.20733860256848 True 36
15 36 1550 30 18 0.0 True 0
15 36 1550 30 18 36.13673290959713 True 43
15 36 1550 30 18 37.43610878383024 True 34
15 36 1550 30 18 34.4519970400647 True 39
15 36 1550 30 18 31.36683004170789 True 37
15 36 1550 30 18 0.0 True 4
15 36 1550 30 18 0.0 True 0
15 36 1550 30 18 0.0 True 3
15 36 1550 30 18 36.442276714405104 True 27
15 36 1550 30 18 31.47665451180374 True 31
15 36 1550 30 18 30.384608756744676 True 41
15 36 1550 30 18 0.0 True 2
15 36 1550 30 18 0.0 True 1
15 36 1550 30 18 0.0 True 0
15 36 1550 30 18 32.129542384065914 True 32
15 36 1550 30 18 8.04602249062891 True 5
15 36 1550 30 18 31.172633870139233 True 31
15 36 1550 30 18 39.683443977555875 False 49
15 36 1550 30 18 35.76287230780416 True 24
15 36 1550 30 18 0.0 True 2
15 36 1550 30 18 0.0 True 2
15 36 1550 30 18 32.599252022768596 True 40
15 36 1550 30 18 35.53909471657652 True 29
15 36 1550 30 18 35.79284178607585 True 34
15 36 1550 30 18 0.0 True 1
15 36 1550 30 18 36.05652353167124 True 35
15 36 1550 30 18 28.170819983386725 True 6
15 36 1550 30 18 0.0 True 0
15 36 1950 35 19 29.864682946274446 True 34
15 36 1950 35 19 0.0 True 3
15 36 1950 35 19 35.28213447864277 True 29
15 36 1950 35 19 38.46035898947034 True 29
15 36 1950 35 19 34.87932853316079 True 48
15 36 1950 35 19 33.242861533724586 True 36
15 36 1950 35 19 36.05479079753324 True 48
15 36 1950 35 19 34.69304025592635 True 42
15 36 1950 35 19 35.02865101181161 True 35
15 36 1950 35 19 30.5501848135749 True 27
15 36 1950 35 19 33.79472411699754 True 38
15 36 1950 35 19 0.0 True 3
15 36 1950 35 19 30.304397737149674 True 34
15 36 1950 35 19 30.84653737424752 True 35
15 36 1950 35 19 31.021939407971054 True 35
15 36 1950 35 19 31.69600703481338 True 40
15 36 1950 35 19 28.274360646846574 True 27
15 36 1950 35 19 35.02502552354557 True 36
15 36 1950 35 19 29.132305561194965 True 44
15 36 1950 35 19 36.43930760500489 True 33
15 36 1950 35 19 31.459085406810914 True 33
15 36 1950 35 19 0.0 True 0
15 36 1950 35 19 2.0043161651234573 True 6
15 36 1950 35 19 4.150799999999994 True 5
15 36 1950 35 19 23.963038902598345 True 7
15 36 1950 35 19 26.518604005576126 True 37
15 36 1950 35 19 33.246512564959346 True 28
15 36 1950 35 19 35.16925118847902 True 38
15 36 1950 35 19 36.5108208635112 True 33
15 36 1950 35 19 34.147211750583836 True 40
15 36 1950 35 19 30.70275084658121 True 39
15 36 1950 35 19 32.00585376934831 False 49
15 36 1950 35 19 36.79613776433514 True 34
15 36 1950 35 19 32.6628603677614 True 42
15 36 1950 35 19 31.312839936256644 True 33
15 36 1950 35 19 34.10665139050304 True 38
15 36 1950 35 19 36.925378429946434 True 43
15 36 1950 35 19 30.741883474484027 True 37
15 36 1950 35 19 0.0 True 0
15 36 1950 35 19 0.0 True 1
15 36 1950 35 19 31.850747776462704 False 49
15 36 1950 35 19 0.0 True 2
15 36 1950 35 19 35.141854644752826 True 46
15 36 1950 35 19 38.296319154165985 True 34
15 36 1950 35 19 33.742268500393166 False 49
15 36 1950 35 19 36.60202314739798 True 27
15 36 1950 35 19 32.679734409145276 True 30
15 36 1950 35 19 31.971528271895732 True 44
15 36 1950 35 19 40.11508580686323 True 27
15 36 1950 35 19 34.21767673727572 True 33
15 36 1950 35 19 27.165404252094646 True 28
15 36 1950 35 19 38.36428575322098 True 32
15 36 1950 35 19 29.09550507295677 True 32
15 36 1950 35 19 0.0 True 3
15 36 1950 35 19 34.77551642501586 True 44
15 36 1950 35 19 30.534815380750064 True 32
15 36 1950 35 19 0.0 True 2
15 36 1950 35 19 36.807930707936535 True 37
15 36 1950 35 19 32.75859410911495 True 26
15 36 1950 35 19 31.20142599136011 True 28
15 36 1950 35 19 0.0 True 0
15 36 1950 35 19 36.96675293366753 True 48
15 36 1950 35 19 34.98814086621071 True 31
15 36 1950 35 19 35.78116424738562 False 49
15 36 1950 35 19 35.3941111889497 False 49
15 36 1950 35 19 30.756691710154897 True 40
15 36 1950 35 19 39.64073840489013 True 29
15 36 1950 35 19 28.933930853202963 True 41
15 36 1950 35 19 33.307375299421764 True 49
15 36 1950 35 19 0.0 True 4
15 36 1950 35 19 0.0 True 2
15 36 1950 35 19 36.68645659615183 True 40
15 36 1950 35 19 0.0 True 1
15 36 1950 35 19 30.029571673372928 True 42
15 36 1950 35 19 0.0 True 0
15 36 1950 35 19 35.5468442465506 True 31
15 36 1950 35 19 34.25581310260166 True 37
15 36 1950 35 19 0.0 True 3
15 36 1950 35 19 0.0 True 1
15 36 1950 35 19 34.55763131935061 True 28
15 36 1950 35 19 34.931012688736196 True 40
15 36 1950 35 19 32.27803228966598 True 34
15 36 1950 35 19 22.70219624395867 True 49
15 36 1950 35 19 33.776749404125034 True 37
15 36 1950 35 19 40.302950253362475 True 27
15 36 1950 35 19 33.18710808962233 True 33
15 36 1950 35 19 40.900656962330416 True 23
15 36 1950 35 19 31.1723109975928 True 32
15 36 1950 35 19 33.86076419345935 True 24
15 36 1950 35 19 29.088258191370205 True 41
15 36 1950 35 19 30.823456110835952 True 38
15 36 1950 35 19 36.4963282954317 True 46
15 36 1950 35 19 34.10457922080248 True 19
15 36 1950 35 19 0.0 True 0
15 36 1950 35 19 30.641362464628134 True 35
15 36 1950 35 19 31.72065599085153 True 26
15 36 1950 35 19 35.922637349221034 True 34
15 36 1950 35 19 34.43368676239564 True 31
15 36 1950 35 19 33.08970191201608 True 39
15 36 1950 35 19 6.089153744286381 True 5
15 38 1150 40 11 30.311181539931425 True 30
15 38 1150 40 11 3.6249702734839464 True 5
15 38 1150 40 11 29.907917349701183 True 41
15 38 1150 40 11 23.29861821284909 True 38
15 38 1150 40 11 31.53900987021304 False 49
15 38 1150 40 11 0.0 True 0
15 38 1150 40 11 30.561877752520235 True 37
15 38 1150 40 11 0.036778742536412654 False 49
15 38 1150 40 11 0.055834102567952335 False 49
15 38 1150 40 11 24.797311048163543 True 40
15 38 1150 40 11 30.606925691970982 True 43
15 38 1150 40 11 32.79426253423852 True 37
15 38 1150 40 11 25.598115958543247 True 33
15 38 1150 40 11 27.483967489920712 True 28
15 38 1150 40 11 30.583498427513135 True 37
15 38 1150 40 11 0.0 True 0
15 38 1150 40 11 28.39018411335157 True 36
15 38 1150 40 11 1.2230349722991678 True 6
15 38 1150 40 11 0.0 True 1
15 38 1150 40 11 0.0 True 3
15 38 1150 40 11 0.04193504797081245 False 49
15 38 1150 40 11 32.23788441065349 True 38
15 38 1150 40 11 25.012504470281417 True 33
15 38 1150 40 11 0.0 True 0
15 38 1150 40 11 0.789285062089112 True 7
15 38 1150 40 11 27.85462423280802 True 45
15 38 1150 40 11 26.329377224147986 True 49
15 38 1150 40 11 30.993724384612403 True 38
15 38 1150 40 11 30.726105307226778 False 49
15 38 1150 40 11 0.04148698166749261 False 49
15 38 1150 40 11 0.09982734560175985 False 49
15 38 1150 40 11 29.410451867344346 True 34
15 38 1150 40 11 0.0 True 0
15 38 1150 40 11 28.879110461867178 True 40
15 38 1150 40 11 29.292678421894983 True 35
15 38 1150 40 11 29.182207526905074 True 36
15 38 1150 40 11 0.0467501463898026 False 49
15 38 1150 40 11 25.905820031778163 True 36
15 38 1150 40 11 0.04715876987029547 False 49
15 38 1150 40 11 28.398884222955793 True 36
15 38 1150 40 11 0.07637043376424497 False 49
15 38 1150 40 11 31.148835002409935 True 41
15 38 1150 40 11 31.977465850341908 True 31
15 38 1150 40 11 0.41095233747260884 True 6
15 38 1150 40 11 0.03601450419664984 False 49
15 38 1150 40 11 30.550423855797142 True 35
15 38 1150 40 11 26.422500838149265 True 41
15 38 1150 40 11 28.463248586406014 True 31
15 38 1150 40 11 0.0 True 2
15 38 1150 40 11 0.08211856171039818 True 5
15 38 1150 40 11 0.05957389306787995 False 49
15 38 1150 40 11 31.7887116919005 True 27
15 38 1150 40 11 0.0 True 4
15 38 1150 40 11 0.05004780597245419 False 49
15 38 1150 40 11 27.8529858138263 True 42
15 38 1150 40 11 25.863063523017704 True 35
15 38 1150 40 11 31.231499295519907 True 28
15 38 1150 40 11 0.0 True 1
15 38 1150 40 11 32.32787229892956 True 38
15 38 1150 40 11 31.24098266340783 True 32
15 38 1150 40 11 30.108295142779333 True 36
15 38 1150 40 11 0.0 True 0
15 38 1150 40 11 0.05835948038192342 False 49
15 38 1150 40 11 26.864244717150967 True 36
15 38 1150 40 11 28.011657967059904 True 38
15 38 1150 40 11 28.103377349868556 True 29
15 38 1150 40 11 0.04840207761816425 False 49
15 38 1150 40 11 26.680208224075756 True 47
15 38 1150 40 11 0.05069591459844166 False 49
15 38 1150 40 11 26.17297933093983 True 38
15 38 1150 40 11 32.51002506990527 True 43
15 38 1150 40 11 32.48805330459176 True 38
15 38 1150 40 11 29.859450216975315 True 44
15 38 1150 40 11 0.03507499662177359 False 49
15 38 1150 40 11 29.10084357949677 True 36
15 38 1150 40 11 0.05695238953200314 False 49
15 38 1150 40 11 33.530521636705494 True 29
15 38 1150 40 11 30.71401738952419 False 49
15 38 1150 40 11 31.18289717204156 True 33
15 38 1150 40 11 0.0 True 1
15 38 1150 40 11 29.07334034978626 True 44
15 38 1150 40 11 28.835898386430916 True 29
15 38 1150 40 11 0.0 True 4
15 38 1150 40 11 0.0 True 2
15 38 1150 40 11 27.60990934712032 True 44
15 38 1150 40 11 0.0 True 1
15 38 1150 40 11 30.66202574562522 True 35
15 38 1150 40 11 32.18288387514314 True 46
15 38 1150 40 11 28.022675064792843 True 41
15 38 1150 40 11 28.220214846414052 False 49
15 38 1150 40 11 0.02829602270168033 False 49
15 38 1150 40 11 0.06431134245988027 False 49
15 38 1150 40 11 27.93603914100312 True 40
15 38 1150 40 11 27.698826774728282 False 49
15 38 1150 40 11 0.08849249616824532 False 49
15 38 1150 40 11 29.393132121413842 True 37
15 38 1150 40 11 25.67704177268434 True 33
15 38 1150 40 11 28.824836932103622 True 41
15 38 1150 40 11 29.488274512933206 True 40
15 38 1150 40 11 0.0 True 2
15 38 1200 25 17 34.1887263319907 True 30
15 38 1200 25 17 0.0 True 4
15 38 1200 25 17 19.738391683103234 True 7
15 38 1200 25 17 29.176333952518164 True 36
15 38 1200 25 17 28.853911057745503 True 35
15 38 1200 25 17 0.0 True 1
15 38 1200 25 17 28.507707776507292 True 36
15 38 1200 25 17 36.867641549570955 True 33
15 38 1200 25 17 32.89595173801095 True 37
15 38 1200 25 17 31.853309808296924 True 39
15 38 1200 25 17 30.49475060511757 True 32
15 38 1200 25 17 0.0 True 0
15 38 1200 25 17 0.0 True 2
15 38 1200 25 17 32.601939087731395 True 37
15 38 1200 25 17 31.86551377449368 True 41
15 38 1200 25 17 32.398091650054845 True 36
15 38 1200 25 17 32.19257939401261 False 49
15 38 1200 25 17 33.75888652729343 True 38
15 38 1200 25 17 28.389979645336265 True 39
15 38 1200 25 17 29.727318975009528 True 43
15 38 1200 25 17 39.578759787497305 True 31
15 38 1200 25 17 30.782159268976997 True 39
15 38 1200 25 17 0.0 True 4
15 38 1200 25 17 34.24360211575181 True 47
15 38 1200 25 17 31.381378220814454 True 36
15 38 1200 25 17 35.90818409432257 True 28
15 38 1200 25 17 30.51088590865677 True 32
15 38 1200 25 17 32.90003325632866 True 36
15 38 1200 25 17 33.458565930332576 True 31
15 38 1200 25 17 33.613780092042205 True 26
15 38 1200 25 17 32.37979626244827 True 41
15 38 1200 25 17 36.562388036091434 True 42
15 38 1200 25 17 36.16394607358655 True 40
15 38 1200 25 17 29.451074802619694 True 41
15 38 1200 25 17 30.200332972749457 True 36
15 38 1200 25 17 29.464007882957326 True 40
15 38 1200 25 17 34.18922838190609 True 35
15 38 1200 25 17 0.0 True 0
15 38 1200 25 17 30.22442672985762 False 49
15 38 1200 25 17 34.71574167707837 True 25
15 38 1200 25 17 29.697370953576158 True 34
15 38 1200 25 17 29.962861960434587 False 49
15 38 1200 25 17 0.0 True 3
15 38 1200 25 17 0.0 True 0
15 38 1200 25 17 32.74530929721588 True 31
15 38 1200 25 17 0.0 True 1
15 38 1200 25 17 0.0 True 2
15 38 1200 25 17 29.742674902959177 True 31
15 38 1200 25 17 28.563989476990997 True 47
15 38 1200 25 17 35.583935431942294 True 37
15 38 1200 25 17 30.749346231580972 False 49
15 38 1200 25 17 36.00029120378875 True 40
15 38 1200 25 17 34.5454115706314 True 45
15 38 1200 25 17 30.228340939278002 False 49
15 38 1200 25 17 37.003778174778574 True 40
15 38 1200 25 17 30.739503105332165 True 49
15 38 1200 25 17 30.345187295822427 False 49
15 38 1200 25 17 0.0 True 0
15 38 1200 25 17 30.085054547513977 True 38
15 38 1200 25 17 6.631486304012342 True 5
15 38 1200 25 17 0.0 True 1
15 38 1200 25 17 0.0 True 1
15 38 1200 25 17 28.67896245523299 True 40
15 38 1200 25 17 29.044040107554242 True 34
15 38 1200 25 17 37.265452475006505 True 27
15 38 1200 25 17 35.54165898318416 True 28
15 38 1200 25 17 0.0 True 2
15 38 1200 25 17 34.08205859440471 True 34
15 38 1200 25 17 31.449146362411177 True 33
15 38 1200 25 17 29.468387994181096 True 33
15 38 1200 25 17 30.51775660526486 True 44
15 38 1200 25 17 28.315671770130923 False 49
15 38 1200 25 17 32.581959703385444 True 28
15 38 1200 25 17 33.147004264421156 True 40
15 38 1200 25 17 31.954268193258024 True 47
15 38 1200 25 17 34.86559490435305 True 44
15 38 1200 25 17 31.1767889156935 True 35
15 38 1200 25 17 36.963869701924395 False 49
15 38 1200 25 17 29.973322092646672 True 31
15 38 1200 25 17 0.0 True 1
15 38 1200 25 17 30.499251826128198 True 40
15 38 1200 25 17 31.319373261099194 True 33
15 38 1200 25 17 0.0 True 0
15 38 1200 25 17 28.91504875951466 True 36
15 38 1200 25 17 0.0 True 0
15 38 1200 25 17 31.830518374654943 True 35
15 38 1200 25 17 32.90036898880156 True 38
15 38 1200 25 17 24.54281924074693 True 37
15 38 1200 25 17 0.0 True 3
15 38 1200 25 17 0.0 True 2
15 38 1200 25 17 36.68799020457748 False 49
15 38 1200 25 17 32.62316072922966 True 35
15 38 1200 25 17 30.71477103165197 False 49
15 38 1200 25 17 36.40203042989704 True 41
15 38 1200 25 17 32.89060003529644 True 28
15 38 1200 25 17 28.160230933388213 True 33
15 38 1200 25 17 31.439533936427058 True 29
15 38 1200 25 17 34.154173136537004 True 46
15 38 1200 25 17 0.0 True 3
15 38 1200 25 17 28.421277381993995 True 32
15 38 1550 40 18 0.0 True 4
15 38 1550 40 18 31.05257255858343 True 29
15 38 1550 40 18 30.127631803543657 True 39
15 38 1550 40 18 30.124180887794346 True 42
15 38 1550 40 18 6.713225894813738 True 5
15 38 1550 40 18 7.119844444444431 True 5
15 38 1550 40 18 33.18351587056324 True 39
15 38 1550 40 18 32.410617788913285 True 38
15 38 1550 40 18 29.42567119738372 True 38
15 38 1550 40 18 29.797512287028198 True 41
15 38 1550 40 18 0.0 True 1
15 38 1550 40 18 36.48016188271395 True 29
15 38 1550 40 18 0.0 True 0
15 38 1550 40 18 34.426635928731606 True 39
15 38 1550 40 18 32.052661393375644 True 42
15 38 1550 40 18 30.018837979497267 True 37
15 38 1550 40 18 24.66849601588925 True 39
15 38 1550 40 18 24.251467573865742 False 49
15 38 1550 40 18 21.8850893593413 True 45
15 38 1550 40 18 0.0 True 0
15 38 1550 40 18 30.97151111656485 False 49
15 38 1550 40 18 27.875582401633075 False 49
15 38 1550 40 18 29.815307175975192 True 32
15 38 1550 40 18 0.0 True 0
15 38 1550 40 18 33.180444717656435 True 36
15 38 1550 40 18 33.698047244091 True 36
15 38 1550 40 18 30.385217613356485 True 26
15 38 1550 40 18 32.062123094279826 True 45
15 38 1550 40 18 28.050583511832784 True 39
15 38 1550 40 18 27.055946129546495 True 32
15 38 1550 40 18 35.75568028268568 True 27
15 38 1550 40 18 0.0 True 2
15 38 1550 40 18 33.402219031856895 True 32
15 38 1550 40 18 35.92657732435151 True 38
15 38 1550 40 18 30.816695558197573 False 49
15 38 1550 40 18 25.79093390101936 True 43
15 38 1550 40 18 0.0 True 0
15 38 1550 40 18 25.843608870086655 False 49
15 38 1550 40 18 29.77799040168757 True 43
15 38 1550 40 18 33.848517109973805 True 31
15 38 1550 40 18 27.027367923662382 True 28
15 38 1550 40 18 27.15723095603497 True 33
15 38 1550 40 18 28.99558659459911 True 42
15 38 1550 40 18 0.0 True 1
15 38 1550 40 18 28.865043115928263 True 34
15 38 1550 40 18 33.05749621606701 True 43
15 38 1550 40 18 0.0 True 0
15 38 1550 40 18 33.023335599853745 True 30
15 38 1550 40 18 28.543215318336227 True 38
15 38 1550 40 18 0.0 True 1
15 38 1550 40 18 28.256062373730675 True 29
15 38 1550 40 18 31.057703868878445 True 45
15 38 1550 40 18 28.68316825926931 True 47
15 38 1550 40 18 33.475218426935285 True 34
15 38 1550 40 18 32.90930171091904 True 36
15 38 1550 40 18 31.08227018732479 True 42
15 38 1550 40 18 25.398564779778383 True 39
15 38 1550 40 18 8.290203156092371 True 5
15 38 1550 40 18 25.32404729769585 True 34
15 38 1550 40 18 24.32886202443351 True 44
15 38 1550 40 18 31.023553496376483 True 29
15 38 1550 40 18 27.018518030282745 False 49
15 38 1550 40 18 29.27125033445659 True 34
15 38 1550 40 18 0.0 True 2
15 38 1550 40 18 0.0 True 3
15 38 1550 40 18 31.981133529065296 True 31
15 38 1550 40 18 29.08427027101313 True 30
15 38 1550 40 18 30.657908434154315 True 44
15 38 1550 40 18 30.51034839800054 True 30
15 38 1550 40 18 28.098522356314863 True 38
15 38 1550 40 18 31.174944173677797 True 38
15 38 1550 40 18 32.25122733839422 True 36
15 38 1550 40 18 32.97626499499069 True 32
15 38 1550 40 18 25.766850264579183 True 46
15 38 1550 40 18 26.018204979254186 True 45
15 38 1550 40 18 28.62970124721756 True 46
15 38 1550 40 18 0.09837680615499977 True 6
15 38 1550 40 18 29.883400808001525 True 39
15 38 1550 40 18 28.918115614212134 True 34
15 38 1550 40 18 31.18462712657234 True 41
15 38 1550 40 18 31.893599078081394 False 49
15 38 1550 40 18 6.453385532881659 True 5
15 38 1550 40 18 32.07127483855526 True 39
15 38 1550 40 18 0.0 True 0
15 38 1550 40 18 27.657118417308936 True 42
15 38 1550 40 18 32.689392569100605 True 35
15 38 1550 40 18 31.83337596989699 True 37
15 38 1550 40 18 27.616667879598065 True 45
15 38 1550 40 18 33.92911351707754 True 33
15 38 1550 40 18 29.97634856738791 False 49
15 38 1550 40 18 27.454779760544902 True 30
15 38 1550 40 18 30.894330410645036 True 33
15 38 1550 40 18 0.0 True 4
15 38 1550 40 18 30.190568789042562 True 27
15 38 1550 40 18 2.321699233016797 True 6
15 38 1550 40 18 29.37065146232992 True 48
15 38 1550 40 18 29.02066146799217 True 49
15 38 1550 40 18 0.0 True 4
15 38 1550 40 18 23.400490258167686 True 36
15 38 1550 40 18 26.64346120795928 False 49
15 40 1000 35 18 0.0 True 0
15 40 1000 35 18 27.758687529858868 True 45
15 40 1000 35 18 27.27553881285099 True 40
15 40 1000 35 18 26.04767449866847 True 36
15 40 1000 35 18 24.725513466983994 True 34
15 40 1000 35 18 28.13494520657905 True 36
15 40 1000 35 18 29.196273685478953 True 36
15 40 1000 35 18 23.845159264251436 True 33
15 40 1000 35 18 22.856436020982358 True 38
15 40 1000 35 18 29.553874500846213 True 38
15 40 1000 35 18 23.382508287082807 True 46
15 40 1000 35 18 26.406496255582624 True 47
15 40 1000 35 18 26.802611693284696 True 37
15 40 1000 35 18 25.65361854639867 True 37
15 40 1000 35 18 23.347774225767125 True 49
15 40 1000 35 18 27.76207716230634 True 36
15 40 1000 35 18 24.584777159291338 True 41
15 40 1000 35 18 0.0 True 1
15 40 1000 35 18 22.933682766587648 True 45
15 40 1000 35 18 24.777853673773183 True 41
15 40 1000 35 18 21.862026773833946 True 38
15 40 1000 35 18 30.026888084936857 True 40
15 40 1000 35 18 26.715003892930017 True 36
15 40 1000 35 18 24.998898266029155 False 49
15 40 1000 35 18 26.045522891230807 True 40
15 40 1000 35 18 27.648290860528856 True 43
15 40 1000 35 18 20.847692628037045 True 40
15 40 1000 35 18 23.70853635617911 True 38
15 40 1000 35 18 25.700393443815052 True 49
15 40 1000 35 18 25.23917611771343 True 46
15 40 1000 35 18 26.008507286823576 True 40
15 40 1000 35 18 22.165403527032648 False 49
15 40 1000 35 18 29.696398547728528 True 35
15 40 1000 35 18 21.51543989712869 True 30
15 40 1000 35 18 26.81526941339102 True 42
15 40 1000 35 18 25.167442463272103 True 49
15 40 1000 35 18 23.845449187343256 True 44
15 40 1000 35 18 26.241792683584272 True 39
15 40 1000 35 18 27.865465099361035 True 33
15 40 1000 35 18 23.669876155332492 True 33
15 40 1000 35 18 23.050126983678936 False 49
15 40 1000 35 18 24.628989987341182 True 37
15 40 1000 35 18 28.343325509505956 True 46
15 40 1000 35 18 24.933584859738385 True 33
15 40 1000 35 18 24.976889389627754 True 32
15 40 1000 35 18 0.8946995982468964 True 7
15 40 1000 35 18 25.860829548721938 False 49
15 40 1000 35 18 24.68855271506629 True 34
15 40 1000 35 18 29.581606282012185 True 37
15 40 1000 35 18 0.0 True 1
15 40 1000 35 18 25.938260305735888 False 49
15 40 1000 35 18 25.590749120344842 True 27
15 40 1000 35 18 4.60932944606414 True 5
15 40 1000 35 18 23.88427634652235 False 49
15 40 1000 35 18 24.60451031393413 True 30
15 40 1000 35 18 28.145977419972507 False 49
15 40 1000 35 18 25.88819493352419 True 40
15 40 1000 35 18 31.190231792979954 True 49
15 40 1000 35 18 26.304143029942985 True 32
15 40 1000 35 18 25.629483338994003 True 48
15 40 1000 35 18 23.363533010223154 False 49
15 40 1000 35 18 24.920192983167567 False 49
15 40 1000 35 18 0.0 True 0
15 40 1000 35 18 24.17700457378616 True 31
15 40 1000 35 18 0.0 True 3
15 40 1000 35 18 28.230126957902797 True 47
15 40 1000 35 18 20.56669959643191 True 39
15 40 1000 35 18 24.822959093241177 False 49
15 40 1000 35 18 22.752698644667475 True 33
15 40 1000 35 18 24.714792943394876 True 38
15 40 1000 35 18 25.975471761952985 False 49
15 40 1000 35 18 16.65220082137511 False 49
15 40 1000 35 18 24.938953017623774 True 36
15 40 1000 35 18 25.97134562637336 True 41
15 40 1000 35 18 26.91900817276138 True 37
15 40 1000 35 18 26.344033236118765 True 27
15 40 1000 35 18 25.083421934637464 True 38
15 40 1000 35 18 0.0 True 1
15 40 1000 35 18 26.060998124063826 True 33
15 40 1000 35 18 24.962688614918882 True 45
15 40 1000 35 18 28.80537844704914 True 47
15 40 1000 35 18 27.91542287714243 True 37
15 40 1000 35 18 0.0 True 4
15 40 1000 35 18 24.092290974819218 True 46
15 40 1000 35 18 27.463376619361348 True 48
15 40 1000 35 18 28.04690537134924 True 37
15 40 1000 35 18 27.180931655321764 True 34
15 40 1000 35 18 27.093116948235767 True 39
15 40 1000 35 18 22.282006827457927 False 49
15 40 1000 35 18 25.045049457571395 True 39
15 40 1000 35 18 28.098851166767822 True 44
15 40 1000 35 18 28.069018993444246 True 47
15 40 1000 35 18 27.84349508655374 True 39
15 40 1000 35 18 0.0 True 0
15 40 1000 35 18 26.980172216329905 True 44
15 40 1000 35 18 27.880287890793607 True 41
15 40 1000 35 18 24.497569837477947 True 43
15 40 1000 35 18 0.0 True 4
15 40 1000 35 18 26.42731132101034 True 42
15 40 1000 35 18 26.800435059149446 False 49
15 40 1400 35 11 32.050162509118444 True 30
15 40 1400 35 11 35.429993210453766 True 28
15 40 1400 35 11 33.03003548387734 True 32
15 40 1400 35 11 0.06280609682246638 True 16
15 40 1400 35 11 29.08349079229626 True 34
15 40 1400 35 11 30.05135012197881 False 49
15 40 1400 35 11 27.049013915511427 False 49
15 40 1400 35 11 31.08510672219532 True 37
15 40 1400 35 11 37.201764071668016 True 32
15 40 1400 35 11 33.031684634028665 True 36
15 40 1400 35 11 31.320183459229888 True 38
15 40 1400 35 11 36.53422667782251 False 49
15 40 1400 35 11 34.31595344434954 True 32
15 40 1400 35 11 27.246131870764117 True 29
15 40 1400 35 11 0.11508490608531208 True 28
15 40 1400 35 11 30.54011680873561 True 39
15 40 1400 35 11 30.293901537676156 True 41
15 40 1400 35 11 28.991898678317 False 49
15 40 1400 35 11 0.05816983790948899 True 32
15 40 1400 35 11 28.058204716569477 True 37
15 40 1400 35 11 2.9911877832949822 False 49
15 40 1400 35 11 28.380490734502924 True 33
15 40 1400 35 11 29.168790109113992 True 39
15 40 1400 35 11 30.248102513135212 True 36
15 40 1400 35 11 31.94572682689226 True 36
15 40 1400 35 11 35.15811727184757 True 40
15 40 1400 35 11 25.269338994388683 True 44
15 40 1400 35 11 31.20979980828031 True 43
15 40 1400 35 11 0.04115987287859903 False 49
15 40 1400 35 11 33.24130741481824 True 43
15 40 1400 35 11 30.552534999356517 True 43
15 40 1400 35 11 31.741991490928598 True 32
15 40 1400 35 11 34.16054384146984 True 34
15 40 1400 35 11 32.28522710515 True 36
15 40 1400 35 11 26.1053782711022 True 28
15 40 1400 35 11 32.880902391590666 True 36
15 40 1400 35 11 0.0 True 3
15 40 1400 35 11 29.36440315261035 True 31
15 40 1400 35 11 31.537614185127723 True 30
15 40 1400 35 11 28.58208568567391 True 36
15 40 1400 35 11 31.551924247338718 True 46
15 40 1400 35 11 32.744300072865904 True 46
15 40 1400 35 11 0.0 True 3
15 40 1400 35 11 29.76549382043626 True 34
15 40 1400 35 11 31.16374920362824 True 37
15 40 1400 35 11 28.88498944288807 True 39
15 40 1400 35 11 29.588445395437173 False 49
15 40 1400 35 11 0.0 True 1
15 40 1400 35 11 33.53388352125083 True 32
15 40 1400 35 11 32.612579684186116 False 49
15 40 1400 35 11 34.293933135954475 True 38
15 40 1400 35 11 31.743541255171305 False 49
15 40 1400 35 11 28.582300398932286 True 38
15 40 1400 35 11 31.478602824307572 True 36
15 40 1400 35 11 39.448178226585334 True 33
15 40 1400 35 11 29.60610954633243 False 49
15 40 1400 35 11 34.34977340857642 True 29
15 40 1400 35 11 0.06802846718616308 False 49
15 40 1400 35 11 0.0 True 2
15 40 1400 35 11 28.48923191472278 True 45
15 40 1400 35 11 31.631614198601135 True 37
15 40 1400 35 11 28.61964904609823 True 38
15 40 1400 35 11 0.0 True 2
15 40 1400 35 11 0.0 True 1
15 40 1400 35 11 0.02681185532183218 True 19
15 40 1400 35 11 28.37838468687497 True 37
15 40 1400 35 11 24.57617933179707 False 49
15 40 1400 35 11 31.974060864533328 True 29
15 40 1400 35 11 34.84428961969814 True 48
15 40 1400 35 11 31.691273175664058 False 49
15 40 1400 35 11 32.54019669147335 False 49
15 40 1400 35 11 10.200971773526126 False 49
15 40 1400 35 11 0.0 True 1
15 40 1400 35 11 32.99734348150436 True 34
15 40 1400 35 11 29.729983833789056 True 32
15 40 1400 35 11 33.456554465794355 True 30
15 40 1400 35 11 32.0925981601104 True 36
15 40 1400 35 11 27.214699205959512 True 42
15 40 1400 35 11 31.061555030602058 True 32
15 40 1400 35 11 0.0 True 1
15 40 1400 35 11 28.91626140656456 True 39
15 40 1400 35 11 30.852336833386488 True 32
15 40 1400 35 11 0.0 True 2
15 40 1400 35 11 0.00907616774019183 True 8
15 40 1400 35 11 30.39252194464546 False 49
15 40 1400 35 11 4.83929705595181 False 49
15 40 1400 35 11 0.0 True 1
15 40 1400 35 11 29.491017056377174 True 35
15 40 1400 35 11 16.52206986084629 True 5
15 40 1400 35 11 0.03833160668438387 True 6
15 40 1400 35 11 36.708453170966564 True 31
15 40 1400 35 11 32.218297711437884 True 40
15 40 1400 35 11 27.238331191250474 True 38
15 40 1400 35 11 30.249978056546674 True 39
15 40 1400 35 11 31.186381375804032 True 41
15 40 1400 35 11 31.839349190628443 True 40
15 40 1400 35 11 35.02589298799539 True 25
15 40 1400 35 11 22.88666765195086 False 49
15 40 1400 35 11 30.335780328468097 True 37
15 40 1400 35 11 32.0909745888564 True 36
15 40 1550 15 17 32.56457883942781 True 39
15 40 1550 15 17 39.058856174917835 True 37
15 40 1550 15 17 31.401658566938803 True 25
15 40 1550 15 17 33.59436240950681 True 47
15 40 1550 15 17 39.83371517602717 True 30
15 40 1550 15 17 40.04623710760201 True 28
15 40 1550 15 17 0.0 True 3
15 40 1550 15 17 0.0 True 0
15 40 1550 15 17 0.0 True 1
15 40 1550 15 17 0.0 True 2
15 40 1550 15 17 0.0 True 2
15 40 1550 15 17 0.0 True 2
15 40 1550 15 17 42.57081350892699 True 36
15 40 1550 15 17 39.56589924946414 True 35
15 40 1550 15 17 36.00145183128356 True 38
15 40 1550 15 17 39.3808867022768 True 40
15 40 1550 15 17 31.221531970134503 True 28
15 40 1550 15 17 0.0 True 2
15 40 1550 15 17 0.0 True 0
15 40 1550 15 17 29.934271008715832 True 37
15 40 1550 15 17 31.249303977738773 True 43
15 40 1550 15 17 36.091771658824776 True 46
15 40 1550 15 17 31.229189699820985 True 33
15 40 1550 15 17 34.582513339256025 True 35
15 40 1550 15 17 35.44613197307425 True 30
15 40 1550 15 17 35.511925593933334 True 27
15 40 1550 15 17 36.381167936154995 True 45
15 40 1550 15 17 0.0 True 3
15 40 1550 15 17 32.638400762974946 True 33
15 40 1550 15 17 0.0 True 2
15 40 1550 15 17 39.201105082116655 True 45
15 40 1550 15 17 32.043934105282 True 43
15 40 1550 15 17 39.172570140086876 True 31
15 40 1550 15 17 37.433929476181056 True 40
15 40 1550 15 17 33.953570619842345 True 41
15 40 1550 15 17 38.50564892121196 True 31
15 40 1550 15 17 0.0 True 0
15 40 1550 15 17 36.03638455205779 True 34
15 40 1550 15 17 36.49742224032795 True 43
15 40 1550 15 17 37.5480622807389 False 49
15 40 1550 15 17 0.0 True 4
15 40 1550 15 17 36.20265093464678 True 38
15 40 1550 15 17 34.33398190127511 True 48
15 40 1550 15 17 35.20495778198258 True 46
15 40 1550 15 17 40.45145088566908 True 44
15 40 1550 15 17 33.95003939281565 True 44
15 40 1550 15 17 36.338480317932415 True 31
15 40 1550 15 17 33.68890371656014 True 24
15 40 1550 15 17 33.19574746179584 True 47
15 40 1550 15 17 38.60074436234722 True 31
15 40 1550 15 17 29.898914211898777 True 47
15 40 1550 15 17 39.2076307424497 False 49
15 40 1550 15 17 4.931311111111114 True 5
15 40 1550 15 17 31.10164408865203 True 38
15 40 1550 15 17 33.74374212635242 True 36
15 40 1550 15 17 32.61254789435805 False 49
15 40 1550 15 17 36.10386180092353 True 40
15 40 1550 15 17 35.78134331493113 True 40
15 40 1550 15 17 37.49809150208122 True 27
15 40 1550 15 17 39.00813014735886 True 28
15 40 1550 15 17 37.80436089313011 True 41
15 40 1550 15 17 0.0 True 0
15 40 1550 15 17 35.60511346325647 False 49
15 40 1550 15 17 34.135279780533885 True 37
15 40 1550 15 17 38.29148141561519 True 26
15 40 1550 15 17 35.56765625421854 True 33
15 40 1550 15 17 32.85555268478847 True 37
15 40 1550 15 17 17.55958071436636 True 7
15 40 1550 15 17 31.63632139538281 False 49
15 40 1550 15 17 43.52339585501223 True 41
15 40 1550 15 17 0.0 True 4
15 40 1550 15 17 34.94071157918858 True 43
15 40 1550 15 17 36.225699943519295 True 45
15 40 1550 15 17 35.020350993530506 True 25
15 40 1550 15 17 37.311928968972886 True 35
15 40 1550 15 17 31.725010343818074 True 33
15 40 1550 15 17 35.8585684914563 True 37
15 40 1550 15 17 37.19894022879584 True 30
15 40 1550 15 17 39.90397502522278 True 38
15 40 1550 15 17 34.302700515440954 True 32
15 40 1550 15 17 0.0 True 1
15 40 1550 15 17 0.0 True 1
15 40 1550 15 17 40.9952397465074 True 25
15 40 1550 15 17 41.96630975262348 True 40
15 40 1550 15 17 39.68946204752065 True 46
15 40 1550 15 17 33.60405464259309 True 43
15 40 1550 15 17 33.65763327676132 True 36
15 40 1550 15 17 0.0 True 0
15 40 1550 15 17 33.97108770507581 True 29
15 40 1550 15 17 31.788686130368557 True 36
15 40 1550 15 17 33.872268752631854 True 37
15 40 1550 15 17 38.882744936633195 True 25
15 40 1550 15 17 41.22870983269393 True 32
15 40 1550 15 17 35.26142192219757 True 36
15 40 1550 15 17 35.21732520545872 True 24
15 40 1550 15 17 42.30165592815608 True 47
15 40 1550 15 17 36.61723272598879 True 49
15 40 1550 15 17 34.8914675585576 False 49
15 40 1550 15 17 36.14547946840563 True 33
15 40 1550 15 17 32.109207653784175 True 34
15 40 2000 40 19 25.52188029462833 True 35
15 40 2000 40 19 29.38618304575784 True 38
15 40 2000 40 19 0.0 True 0
15 40 2000 40 19 36.16111035399304 True 40
15 40 2000 40 19 32.173551245162706 True 33
15 40 2000 40 19 31.657136543019938 True 39
15 40 2000 40 19 26.08354996808217 True 41
15 40 2000 40 19 31.644635057557107 True 25
15 40 2000 40 19 0.0 True 3
15 40 2000 40 19 34.26508161821842 True 48
15 40 2000 40 19 32.18622158852636 True 35
15 40 2000 40 19 32.73782021962504 True 30
15 40 2000 40 19 24.511745883489496 True 37
15 40 2000 40 19 2.0023691124038296 True 7
15 40 2000 40 19 0.0 True 3
15 40 2000 40 19 29.48659111432773 True 43
15 40 2000 40 19 31.28145359019 True 40
15 40 2000 40 19 28.306956255273604 True 39
15 40 2000 40 19 28.21986404188335 False 49
15 40 2000 40 19 31.144587548836967 True 37
15 40 2000 40 19 26.585198116635418 True 49
15 40 2000 40 19 0.0 True 3
15 40 2000 40 19 32.600399447049696 True 34
15 40 2000 40 19 30.17899367361112 True 32
15 40 2000 40 19 29.234438415127215 True 30
15 40 2000 40 19 32.980970125183134 True 35
15 40 2000 40 19 22.454493029880854 True 30
15 40 2000 40 19 30.282698983449205 True 33
15 40 2000 40 19 0.0 True 2
15 40 2000 40 19 37.00698743321259 True 27
15 40 2000 40 19 0.0 True 0
15 40 2000 40 19 0.0 True 3
15 40 2000 40 19 34.13086183586897 True 28
15 40 2000 40 19 34.31965095825031 False 49
15 40 2000 40 19 30.21475405141386 False 49
15 40 2000 40 19 31.031325076574014 False 49
15 40 2000 40 19 29.896456694141783 False 49
15 40 2000 40 19 0.0 True 4
15 40 2000 40 19 0.0 True 4
15 40 2000 40 19 29.17739697003434 True 32
15 40 2000 40 19 30.18387915820258 False 49
15 40 2000 40 19 15.583125667497335 True 7
15 40 2000 40 19 31.29069664903042 True 44
15 40 2000 40 19 28.874765270736575 True 44
15 40 2000 40 19 28.566289060895137 True 38
15 40 2000 40 19 0.0 True 0
15 40 2000 40 19 33.924655636663566 True 44
15 40 2000 40 19 32.0757549168546 True 34
15 40 2000 40 19 30.34915808464481 True 34
15 40 2000 40 19 30.030030915278893 False 49
15 40 2000 40 19 34.51669330179541 True 49
15 40 2000 40 19 32.20283394684765 True 31
15 40 2000 40 19 32.73408389453611 True 31
15 40 2000 40 19 28.305161217523445 True 39
15 40 2000 40 19 29.18130544047125 True 34
15 40 2000 40 19 24.59068221558063 True 30
15 40 2000 40 19 0.0 True 3
15 40 2000 40 19 35.72351168398168 True 30
15 40 2000 40 19 32.06431594823353 True 33
15 40 2000 40 19 33.95694151078243 True 37
15 40 2000 40 19 29.130279315683424 True 38
15 40 2000 40 19 0.0 True 2
15 40 2000 40 19 29.495911201276975 True 47
15 40 2000 40 19 0.0 True 1
15 40 2000 40 19 32.040482852535284 True 24
15 40 2000 40 19 33.366249580069834 True 47
15 40 2000 40 19 30.281542023120537 True 36
15 40 2000 40 19 28.010685027945897 True 48
15 40 2000 40 19 28.182829477579407 True 45
15 40 2000 40 19 14.726408646247158 True 5
15 40 2000 40 19 25.695051338041814 True 39
15 40 2000 40 19 31.310479941653796 True 34
15 40 2000 40 19 0.0 True 0
15 40 2000 40 19 30.983500561894587 True 42
15 40 2000 40 19 26.99473134545114 True 28
15 40 2000 40 19 37.13069756865065 True 32
15 40 2000 40 19 35.03548423101899 True 41
15 40 2000 40 19 33.52915475990732 True 35
15 40 2000 40 19 27.6586047275121 True 40
15 40 2000 40 19 26.637228804152368 True 38
15 40 2000 40 19 26.76866425645591 True 38
15 40 2000 40 19 0.5701047694543533 True 16
15 40 2000 40 19 21.95380984822028 True 35
15 40 2000 40 19 25.09544129634626 False 49
15 40 2000 40 19 31.362224001592697 True 34
15 40 2000 40 19 27.602032571866726 False 49
15 40 2000 40 19 24.790936048945454 False 49
15 40 2000 40 19 0.0 True 2
15 40 2000 40 19 29.396084763979637 True 47
15 40 2000 40 19 30.384178965380997 True 41
15 40 2000 40 19 29.1415226884208 True 38
15 40 2000 40 19 36.83382628205907 True 24
15 40 2000 40 19 35.067850939822094 True 33
15 40 2000 40 19 0.0 True 3
15 40 2000 40 19 23.560545636297014 True 31
15 40 2000 40 19 0.0 True 2
15 40 2000 40 19 32.313245701946464 True 31
15 40 2000 40 19 33.10926316205256 False 49
15 40 2000 40 19 28.19322556710989 True 36
15 40 2000 40 19 0.0 True 4
15 42 1100 20 13 0.0 True 0
15 42 1100 20 13 33.928402748840206 True 33
15 42 1100 20 13 0.0 True 2
15 42 1100 20 13 31.79264535515319 True 42
15 42 1100 20 13 35.09473751340534 True 37
15 42 1100 20 13 32.55525543537645 True 31
15 42 1100 20 13 35.48517590150293 True 31
15 42 1100 20 13 35.57866819311521 False 49
15 42 1100 20 13 35.707881886385024 False 49
15 42 1100 20 13 33.813631353372585 True 38
15 42 1100 20 13 33.68438993072063 True 34
15 42 1100 20 13 28.55623891566387 True 29
15 42 1100 20 13 35.421894230839314 True 29
15 42 1100 20 13 31.98869782345458 True 35
15 42 1100 20 13 30.868492582249605 True 26
15 42 1100 20 13 37.47270792384792 True 34
15 42 1100 20 13 26.712798794593294 True 41
15 42 1100 20 13 0.0 True 2
15 42 1100 20 13 0.0 True 2
15 42 1100 20 13 0.0 True 2
15 42 1100 20 13 0.0 True 0
15 42 1100 20 13 34.75858999717592 True 36
15 42 1100 20 13 0.0 True 2
15 42 1100 20 13 34.022330698171025 False 49
15 42 1100 20 13 29.12744374936045 True 31
15 42 1100 20 13 35.04651335173538 True 33
15 42 1100 20 13 32.06657768068033 True 33
15 42 1100 20 13 0.0 True 1
15 42 1100 20 13 34.08423014268342 False 49
15 42 1100 20 13 32.35593839610129 True 38
15 42 1100 20 13 30.459022979945352 True 39
15 42 1100 20 13 31.327708162319897 True 35
15 42 1100 20 13 0.0 True 1
15 42 1100 20 13 0.0 True 2
15 42 1100 20 13 31.57958097086962 True 48
15 42 1100 20 13 0.0 True 3
15 42 1100 20 13 33.61868964087042 True 41
15 42 1100 20 13 33.05827353422076 True 49
15 42 1100 20 13 32.370520539276036 True 28
15 42 1100 20 13 0.0 True 2
15 42 1100 20 13 0.0 True 4
15 42 1100 20 13 30.37523847708419 True 34
15 42 1100 20 13 30.86460512523857 True 39
15 42 1100 20 13 28.87564253594599 True 36
15 42 1100 20 13 29.26269169069668 True 28
15 42 1100 20 13 26.897543750284218 True 32
15 42 1100 20 13 31.26471584405594 True 40
15 42 1100 20 13 29.94707821646905 True 37
15 42 1100 20 13 27.748191606242166 True 42
15 42 1100 20 13 34.11172557163482 True 43
15 42 1100 20 13 37.5311367577958 False 49
15 42 1100 20 13 32.973198383423316 True 37
15 42 1100 20 13 30.260781126929704 True 35
15 42 1100 20 13 0.0 True 2
15 42 1100 20 13 38.81910977764349 True 41
15 42 1100 20 13 16.18039238954154 True 8
15 42 1100 20 13 36.72070012708202 True 28
15 42 1100 20 13 32.138937274478145 False 49
15 42 1100 20 13 32.780665986284845 True 46
15 42 1100 20 13 33.17946569050417 True 41
15 42 1100 20 13 30.115154305113506 True 39
15 42 1100 20 13 32.13796308137594 True 41
15 42 1100 20 13 0.0 True 0
15 42 1100 20 13 32.97452353829859 True 49
15 42 1100 20 13 32.12742133057976 True 34
15 42 1100 20 13 32.88470323024936 True 44
15 42 1100 20 13 0.0 True 0
15 42 1100 20 13 30.514742500309886 True 35
15 42 1100 20 13 32.14362373806437 True 39
15 42 1100 20 13 0.0 True 0
15 42 1100 20 13 0.0 True 2
15 42 1100 20 13 0.0 True 2
15 42 1100 20 13 36.850362089767614 True 48
15 42 1100 20 13 37.71018169027304 True 33
15 42 1100 20 13 30.175330061729817 True 41
15 42 1100 20 13 34.91407000932792 True 47
15 42 1100 20 13 0.0 True 1
15 42 1100 20 13 37.43653170310497 True 36
15 42 1100 20 13 0.0 True 0
15 42 1100 20 13 31.97967321564404 True 27
15 42 1100 20 13 36.345899951655824 True 31
15 42 1100 20 13 31.74554994350388 True 46
15 42 1100 20 13 30.82056050860688 True 41
15 42 1100 20 13 31.00470120823442 True 33
15 42 1100 20 13 36.61384869040164 True 44
15 42 1100 20 13 28.336604569872183 True 36
15 42 1100 20 13 0.0 True 0
15 42 1100 20 13 34.19824314006012 True 43
15 42 1100 20 13 0.0 True 3
15 42 1100 20 13 0.0 True 0
15 42 1100 20 13 30.293821539426666 True 34
15 42 1100 20 13 34.748963641727556 True 41
15 42 1100 20 13 32.433537294462866 True 38
15 42 1100 20 13 27.783605807699516 True 43
15 42 1100 20 13 34.518685055909636 True 31
15 42 1100 20 13 30.479166310311193 True 38
15 42 1100 20 13 0.0 True 2
15 42 1100 20 13 28.706577943823135 True 39
15 42 1100 20 13 36.21522711594794 True 39
15 42 1100 20 13 33.12867139036017 True 49
