10 40 1050 45 17 20.24185096588838 True 37
10 40 1050 45 17 8.576492650291907 False 49
10 40 1050 45 17 23.806840968222577 True 40
10 40 1050 45 17 26.445167572071334 True 48
10 40 1050 45 17 20.86233271028268 False 49
10 40 1050 45 17 0.0 True 2
10 40 1050 45 17 0.0588730317453167 False 49
10 40 1050 45 17 25.520752415177974 True 30
10 40 1050 45 17 4.682854272409116 False 49
10 40 1050 45 17 21.01513248444775 True 40
10 40 1050 45 17 21.368119704541023 True 36
10 40 1050 45 17 0.9014993752603058 True 5
10 40 1050 45 17 26.947249836441213 True 36
10 40 1050 45 17 22.19582592627253 True 38
10 40 1050 45 17 26.942994583183644 True 48
10 40 1050 45 17 0.09983839216451607 True 16
10 40 1050 45 17 0.0 True 0
10 40 1050 45 17 21.300724209060025 True 39
10 40 1050 45 17 0.08218865256319821 False 49
10 40 1050 45 17 26.484790625190005 True 46
10 40 1050 45 17 21.423290169848325 True 48
10 40 1050 45 17 23.93419816448706 True 49
10 40 1050 45 17 23.166987699269324 False 49
10 40 1050 45 17 0.30720570749108217 True 5
10 40 1050 45 17 24.820390384643378 True 41
10 40 1050 45 17 0.047043398045133175 False 49
10 40 1050 45 17 0.04811409235820206 False 49
10 40 1050 45 17 19.354241214207317 True 39
10 40 1050 45 17 24.43709995546633 True 42
10 40 1050 45 17 23.89271829054425 True 47
10 40 1050 45 17 24.63905725442977 True 42
10 40 1050 45 17 10.179794368419277 False 49
10 40 1050 45 17 20.455980345141377 False 49
10 40 1050 45 17 20.877216268958545 True 49
10 40 1050 45 17 0.0 True 2
10 40 1050 45 17 23.48637711721242 True 40
10 40 1050 45 17 27.019308714409792 True 36
10 40 1050 45 17 22.69743780636952 True 44
10 40 1050 45 17 23.256599735429283 True 46
10 40 1050 45 17 26.200175751981597 True 34
10 40 1050 45 17 21.38964920091057 True 40
10 40 1050 45 17 24.31216231178103 True 41
10 40 1050 45 17 0.08512797942034626 False 49
10 40 1050 45 17 0.0 True 1
10 40 1050 45 17 22.728686374250376 True 43
10 40 1050 45 17 20.425274986734507 True 31
10 40 1050 45 17 20.23952052243486 False 49
10 40 1050 45 17 7.195728435951835 False 49
10 40 1050 45 17 22.59816924494873 True 39
10 40 1050 45 17 0.10732869730592745 False 49
10 40 1050 45 17 23.101996770895784 True 35
10 40 1050 45 17 23.94795392629616 False 49
10 40 1050 45 17 21.618731439739065 False 49
10 40 1050 45 17 0.0 True 0
10 40 1050 45 17 19.421865086620322 False 49
10 40 1050 45 17 0.0 True 3
10 40 1050 45 17 23.80280883959968 True 29
10 40 1050 45 17 22.484967319907117 True 38
10 40 1050 45 17 26.51381717612937 True 40
10 40 1050 45 17 27.07867367449358 True 34
10 40 1050 45 17 26.31880435718873 True 32
10 40 1050 45 17 26.175698723534786 False 49
10 40 1050 45 17 0.02053961533264282 True 8
10 40 1050 45 17 22.731403480818155 True 44
10 40 1050 45 17 21.919436043921003 False 49
10 40 1050 45 17 24.50459042116284 True 47
10 40 1050 45 17 23.010441983051628 False 49
10 40 1050 45 17 24.170201740406483 True 48
10 40 1050 45 17 20.47261859180987 False 49
10 40 1050 45 17 0.07055156954891884 False 49
10 40 1050 45 17 22.825282882520845 False 49
10 40 1050 45 17 28.006832224930292 True 36
10 40 1050 45 17 25.033610701005607 True 36
10 40 1050 45 17 0.0 True 3
10 40 1050 45 17 10.677068729714614 True 12
10 40 1050 45 17 0.04306666666666726 True 15
10 40 1050 45 17 25.097238276997167 False 49
10 40 1050 45 17 20.116197264075044 False 49
10 40 1050 45 17 22.36947305738049 True 47
10 40 1050 45 17 0.0 True 4
10 40 1050 45 17 0.0 True 1
10 40 1050 45 17 19.622056972382197 True 41
10 40 1050 45 17 23.806268439754362 True 35
10 40 1050 45 17 24.692452717016444 True 46
10 40 1050 45 17 25.75202225873838 True 40
10 40 1050 45 17 25.662348137876023 False 49
10 40 1050 45 17 0.0 True 1
10 40 1050 45 17 20.39285270556448 True 41
10 40 1050 45 17 25.0544788863656 False 49
10 40 1050 45 17 0.05342585248912736 False 49
10 40 1050 45 17 0.1083293821154758 True 44
10 40 1050 45 17 5.692432263596123 False 49
10 40 1050 45 17 0.0 True 1
10 40 1050 45 17 14.789335664442905 False 49
10 40 1050 45 17 22.549425027409573 True 33
10 40 1050 45 17 24.874219034662254 True 42
10 40 1050 45 17 22.845779809879055 False 49
10 40 1050 45 17 20.253151669077898 True 48
10 40 1050 45 17 20.14947363988984 True 46
10 40 1050 45 17 23.496379195861035 True 31
10 40 1350 35 16 28.558287356567103 True 38
10 40 1350 35 16 24.53361104799497 False 49
10 40 1350 35 16 28.385442817705783 True 36
10 40 1350 35 16 31.232725501556143 False 49
10 40 1350 35 16 28.836384131660243 True 40
10 40 1350 35 16 31.108188549920094 False 49
10 40 1350 35 16 0.0 True 0
10 40 1350 35 16 34.24882342315686 True 40
10 40 1350 35 16 0.0 True 3
10 40 1350 35 16 27.86515107086793 False 49
10 40 1350 35 16 29.493661825678632 True 28
10 40 1350 35 16 28.06280451069238 True 34
10 40 1350 35 16 0.0 True 4
10 40 1350 35 16 23.786385769243754 True 34
10 40 1350 35 16 0.0 True 1
10 40 1350 35 16 21.09568852047907 True 37
10 40 1350 35 16 27.642708110644282 True 37
10 40 1350 35 16 0.0 True 3
10 40 1350 35 16 27.198991327414962 True 41
10 40 1350 35 16 30.628539762518088 True 38
10 40 1350 35 16 30.050929010178095 True 32
10 40 1350 35 16 34.054779015218 True 25
10 40 1350 35 16 29.628180123872962 True 33
10 40 1350 35 16 25.171802297962824 True 33
10 40 1350 35 16 30.856932511843468 True 41
10 40 1350 35 16 0.0 True 4
10 40 1350 35 16 27.219726627799435 False 49
10 40 1350 35 16 28.423918504398575 True 30
10 40 1350 35 16 31.210047523348848 True 42
10 40 1350 35 16 28.957285165742444 True 37
10 40 1350 35 16 27.876004013355228 True 40
10 40 1350 35 16 29.393231242725694 True 32
10 40 1350 35 16 30.07517776094764 True 30
10 40 1350 35 16 0.0 True 0
10 40 1350 35 16 23.063645717908223 True 36
10 40 1350 35 16 25.93430943594826 False 49
10 40 1350 35 16 29.069789512438348 True 35
10 40 1350 35 16 25.307060802188865 True 43
10 40 1350 35 16 0.09308462882052326 True 16
10 40 1350 35 16 0.0 True 4
10 40 1350 35 16 0.0 True 0
10 40 1350 35 16 0.0 True 2
10 40 1350 35 16 26.49533166278377 True 37
10 40 1350 35 16 26.398553607303224 True 33
10 40 1350 35 16 32.03456535450139 True 48
10 40 1350 35 16 30.240121268068677 True 40
10 40 1350 35 16 24.89959697147443 True 45
10 40 1350 35 16 27.174063752344267 True 45
10 40 1350 35 16 27.21046982178705 True 38
10 40 1350 35 16 4.440874089490115 True 6
10 40 1350 35 16 27.369712024895477 True 47
10 40 1350 35 16 28.73666952326384 True 43
10 40 1350 35 16 25.69371343632481 True 29
10 40 1350 35 16 25.869995974070992 True 47
10 40 1350 35 16 33.6335016035765 True 34
10 40 1350 35 16 30.52346478139774 False 49
10 40 1350 35 16 30.081017333090447 True 36
10 40 1350 35 16 28.417549415312887 True 30
10 40 1350 35 16 25.32205855115571 True 36
10 40 1350 35 16 0.0 True 1
10 40 1350 35 16 15.652410853389352 False 49
10 40 1350 35 16 0.0 True 3
10 40 1350 35 16 26.323252087781476 True 49
10 40 1350 35 16 0.41284696859021236 True 7
10 40 1350 35 16 0.0 True 2
10 40 1350 35 16 0.0 True 4
10 40 1350 35 16 0.0 True 0
10 40 1350 35 16 29.22575155151189 True 27
10 40 1350 35 16 32.70902051254043 True 32
10 40 1350 35 16 26.909741842761925 False 49
10 40 1350 35 16 30.014324982166425 True 36
10 40 1350 35 16 0.0 True 2
10 40 1350 35 16 26.464409452760545 True 38
10 40 1350 35 16 38.4563498776218 True 24
10 40 1350 35 16 32.12236839792107 False 49
10 40 1350 35 16 30.23274757358553 True 33
10 40 1350 35 16 27.934542692547534 True 48
10 40 1350 35 16 0.0 True 1
10 40 1350 35 16 0.0 True 1
10 40 1350 35 16 30.512044067508782 True 33
10 40 1350 35 16 30.863875666150044 False 49
10 40 1350 35 16 33.70810416833773 False 49
10 40 1350 35 16 26.589873229741507 True 41
10 40 1350 35 16 0.0843304902181582 False 49
10 40 1350 35 16 0.0 True 4
10 40 1350 35 16 26.107067052905485 True 49
10 40 1350 35 16 26.841660899296453 True 34
10 40 1350 35 16 0.0 True 2
10 40 1350 35 16 33.80752231669756 True 42
10 40 1350 35 16 26.463260253435422 True 40
10 40 1350 35 16 0.0 True 4
10 40 1350 35 16 25.29461153028815 True 44
10 40 1350 35 16 24.914844662788532 False 49
10 40 1350 35 16 25.756919343450203 True 39
10 40 1350 35 16 31.607792053532414 True 34
10 40 1350 35 16 30.207317590059056 True 41
10 40 1350 35 16 27.632167727492263 True 34
10 40 1350 35 16 29.155620433830045 True 48
10 40 1350 35 16 27.423848310076565 True 42
10 40 1350 35 16 27.189493130638976 True 43
10 40 1450 35 18 31.543713622289715 True 46
10 40 1450 35 18 26.959789091801156 True 45
10 40 1450 35 18 25.247870406025342 True 41
10 40 1450 35 18 32.55920798095171 True 45
10 40 1450 35 18 30.667723602491716 True 32
10 40 1450 35 18 27.04728222534711 True 31
10 40 1450 35 18 0.14827833409527832 True 27
10 40 1450 35 18 27.484082503115452 True 48
10 40 1450 35 18 0.06506463672807583 True 5
10 40 1450 35 18 26.455983472274145 True 36
10 40 1450 35 18 24.47361910549073 True 45
10 40 1450 35 18 0.0 True 3
10 40 1450 35 18 0.0 True 0
10 40 1450 35 18 0.0 True 3
10 40 1450 35 18 30.59168795309199 True 41
10 40 1450 35 18 0.6812748462258305 True 21
10 40 1450 35 18 0.0 True 1
10 40 1450 35 18 27.843112814682094 True 45
10 40 1450 35 18 28.755746009039505 True 34
10 40 1450 35 18 33.09019361236885 True 36
10 40 1450 35 18 31.35328920439265 True 38
10 40 1450 35 18 26.243923677076012 True 38
10 40 1450 35 18 30.88271650662448 True 31
10 40 1450 35 18 23.793497871513164 True 35
10 40 1450 35 18 0.0 True 0
10 40 1450 35 18 32.02886580114025 True 43
10 40 1450 35 18 0.0 True 0
10 40 1450 35 18 0.0 True 4
10 40 1450 35 18 24.86981574081885 True 38
10 40 1450 35 18 0.0 True 3
10 40 1450 35 18 30.626046136698065 True 42
10 40 1450 35 18 25.921506332615873 True 36
10 40 1450 35 18 28.32598086899687 True 36
10 40 1450 35 18 0.0 True 0
10 40 1450 35 18 0.0 True 3
10 40 1450 35 18 28.491549058700137 True 35
10 40 1450 35 18 28.191109186469983 True 36
10 40 1450 35 18 29.585712437748914 True 39
10 40 1450 35 18 27.70962875765117 True 27
10 40 1450 35 18 30.21437573390072 True 27
10 40 1450 35 18 26.042752331067923 False 49
10 40 1450 35 18 0.0 True 0
10 40 1450 35 18 29.21704396185166 True 34
10 40 1450 35 18 28.11441191926814 False 49
10 40 1450 35 18 28.823559097916352 True 36
10 40 1450 35 18 0.0 True 0
10 40 1450 35 18 9.9885531336345 True 5
10 40 1450 35 18 32.66532549461147 True 37
10 40 1450 35 18 28.203141492994895 True 43
10 40 1450 35 18 29.913692618906474 False 49
10 40 1450 35 18 31.998936962466086 False 49
10 40 1450 35 18 27.019078482737335 False 49
10 40 1450 35 18 28.58075637352358 True 37
10 40 1450 35 18 27.414651039446404 True 39
10 40 1450 35 18 28.981346729909376 False 49
10 40 1450 35 18 25.667212468029568 True 33
10 40 1450 35 18 22.04592550280657 False 49
10 40 1450 35 18 34.30156815038943 True 31
10 40 1450 35 18 27.634248060422323 True 32
10 40 1450 35 18 30.463961027860133 True 34
10 40 1450 35 18 23.230900863799803 True 42
10 40 1450 35 18 27.674780719289988 True 35
10 40 1450 35 18 26.50501612080555 False 49
10 40 1450 35 18 23.80915558168443 True 47
10 40 1450 35 18 0.0 True 2
10 40 1450 35 18 31.176321760645592 True 41
10 40 1450 35 18 0.0 True 0
10 40 1450 35 18 32.63526937233251 True 33
10 40 1450 35 18 0.0 True 1
10 40 1450 35 18 0.0 True 0
10 40 1450 35 18 29.67882439247615 True 34
10 40 1450 35 18 32.041392564435455 False 49
10 40 1450 35 18 30.999321679671787 False 49
10 40 1450 35 18 29.76507641833653 True 38
10 40 1450 35 18 0.0 True 3
10 40 1450 35 18 33.35755874649683 True 36
10 40 1450 35 18 28.88404547708803 True 44
10 40 1450 35 18 28.690021451414502 False 49
10 40 1450 35 18 30.4755771303536 True 40
10 40 1450 35 18 28.373037664824796 True 32
10 40 1450 35 18 0.11104196307473665 False 49
10 40 1450 35 18 26.730456712394506 True 39
10 40 1450 35 18 29.36226232405224 True 45
10 40 1450 35 18 27.84745313087937 True 40
10 40 1450 35 18 23.608414584790793 True 29
10 40 1450 35 18 25.987893921819108 True 42
10 40 1450 35 18 29.6454430565396 False 49
10 40 1450 35 18 29.26232711905173 True 46
10 40 1450 35 18 23.495381660191377 True 30
10 40 1450 35 18 26.633280334705272 True 43
10 40 1450 35 18 25.954237154818827 False 49
10 40 1450 35 18 19.835801169418385 False 49
10 40 1450 35 18 32.988948736003465 True 24
10 40 1450 35 18 28.770928004717096 True 35
10 40 1450 35 18 0.0 True 0
10 40 1450 35 18 28.923307620427387 True 39
10 40 1450 35 18 25.73137633901259 True 38
10 40 1450 35 18 26.98593435441786 True 39
10 40 1450 35 18 27.99484066403124 True 44
10 40 1450 35 18 26.91482505138288 True 36
10 44 1000 35 14 20.840694561904215 True 39
10 44 1000 35 14 29.85269679320114 True 30
10 44 1000 35 14 0.0 True 0
10 44 1000 35 14 26.85646609451602 False 49
10 44 1000 35 14 0.0 True 0
10 44 1000 35 14 0.0 True 2
10 44 1000 35 14 0.0 True 1
10 44 1000 35 14 25.597168504227866 True 38
10 44 1000 35 14 23.41808093987429 True 49
10 44 1000 35 14 27.107117434883698 True 45
10 44 1000 35 14 24.68276947947818 False 49
10 44 1000 35 14 22.06910417275307 False 49
10 44 1000 35 14 23.838148286597473 False 49
10 44 1000 35 14 0.0 True 0
10 44 1000 35 14 21.63158822077734 True 46
10 44 1000 35 14 25.796832312412175 True 43
10 44 1000 35 14 25.845739043489125 False 49
10 44 1000 35 14 23.76290793706373 True 41
10 44 1000 35 14 26.032848991066043 True 45
10 44 1000 35 14 23.104238696325048 True 47
10 44 1000 35 14 18.960396299280696 False 49
10 44 1000 35 14 21.199367935599554 True 31
10 44 1000 35 14 23.269026390062454 True 34
10 44 1000 35 14 24.63847778195153 True 43
10 44 1000 35 14 26.892413933239986 True 31
10 44 1000 35 14 21.229222984677715 True 39
10 44 1000 35 14 22.80249271265432 False 49
10 44 1000 35 14 23.642128839539833 True 43
10 44 1000 35 14 22.39556075857527 False 49
10 44 1000 35 14 24.177350188680425 True 38
10 44 1000 35 14 25.632279888797175 True 40
10 44 1000 35 14 22.014206802579373 True 45
10 44 1000 35 14 22.361005798946625 True 33
10 44 1000 35 14 22.542646589713122 True 45
10 44 1000 35 14 26.542914799989628 True 34
10 44 1000 35 14 20.18917412283003 True 32
10 44 1000 35 14 23.65638104752349 True 34
10 44 1000 35 14 0.0 True 4
10 44 1000 35 14 23.437348321449424 False 49
10 44 1000 35 14 25.330887366045516 True 33
10 44 1000 35 14 23.064379223963307 False 49
10 44 1000 35 14 24.922104600575594 True 42
10 44 1000 35 14 22.719613513872165 True 31
10 44 1000 35 14 25.36829210334698 False 49
10 44 1000 35 14 22.61965237421685 True 33
10 44 1000 35 14 23.083021132509852 True 40
10 44 1000 35 14 22.349187720556277 True 46
10 44 1000 35 14 25.35107815256702 True 33
10 44 1000 35 14 19.635401784118073 True 45
10 44 1000 35 14 0.0 True 0
10 44 1000 35 14 24.52869009800757 True 44
10 44 1000 35 14 0.13946808646702102 True 44
10 44 1000 35 14 26.22986894704297 True 32
10 44 1000 35 14 21.451682737134096 True 36
10 44 1000 35 14 25.232519084769685 True 36
10 44 1000 35 14 0.0 True 3
10 44 1000 35 14 22.57865090713639 True 38
10 44 1000 35 14 20.71619180907448 False 49
10 44 1000 35 14 28.05968209283215 True 47
10 44 1000 35 14 0.0 True 2
10 44 1000 35 14 23.128834432831113 False 49
10 44 1000 35 14 25.948864022029188 True 33
10 44 1000 35 14 27.555350541398052 False 49
10 44 1000 35 14 20.279382014849197 True 35
10 44 1000 35 14 20.519549729101023 False 49
10 44 1000 35 14 0.0 True 0
10 44 1000 35 14 26.020666828400483 True 45
10 44 1000 35 14 22.067741893582202 True 40
10 44 1000 35 14 23.855363094599788 True 37
10 44 1000 35 14 20.15729505617333 True 32
10 44 1000 35 14 27.795860732460778 True 36
10 44 1000 35 14 0.0 True 0
10 44 1000 35 14 0.07128057294716324 True 5
10 44 1000 35 14 25.146158289192794 True 45
10 44 1000 35 14 21.740187950408078 True 45
10 44 1000 35 14 20.09363538626868 True 34
10 44 1000 35 14 27.73268724399925 True 37
10 44 1000 35 14 27.262977446494062 True 27
10 44 1000 35 14 22.937524163928217 False 49
10 44 1000 35 14 23.82754973028659 False 49
10 44 1000 35 14 0.0 True 0
10 44 1000 35 14 25.617447414262468 True 40
10 44 1000 35 14 15.8711007925357 False 49
10 44 1000 35 14 20.930726962119696 False 49
10 44 1000 35 14 27.437155493412458 True 39
10 44 1000 35 14 27.996778642345348 True 38
10 44 1000 35 14 20.860713328239548 False 49
10 44 1000 35 14 0.0 True 3
10 44 1000 35 14 26.787171324685506 True 36
10 44 1000 35 14 25.059362240683704 True 31
10 44 1000 35 14 22.735006891609213 True 30
10 44 1000 35 14 25.345720073819432 False 49
10 44 1000 35 14 26.839639102204917 True 31
10 44 1000 35 14 22.177197343651496 True 42
10 44 1000 35 14 21.37584966613371 False 49
10 44 1000 35 14 25.36217894595036 True 41
10 44 1000 35 14 23.231996728385045 True 33
10 44 1000 35 14 25.26211289611693 True 40
10 44 1000 35 14 25.357795777701014 True 37
10 44 1000 35 14 27.912818762236856 True 48
10 44 1000 35 20 20.57660888832478 True 44
10 44 1000 35 20 18.296481179676327 False 49
10 44 1000 35 20 22.950725258175062 True 45
10 44 1000 35 20 24.561629884931286 False 49
10 44 1000 35 20 21.198532483269698 True 37
10 44 1000 35 20 0.0 True 3
10 44 1000 35 20 0.17627209285765424 False 49
10 44 1000 35 20 28.332574040860152 True 33
10 44 1000 35 20 27.055295868534937 True 38
10 44 1000 35 20 21.60998531311551 True 41
10 44 1000 35 20 24.258869195017397 True 35
10 44 1000 35 20 22.18557761219672 False 49
10 44 1000 35 20 0.0 True 0
10 44 1000 35 20 23.275893718352638 True 47
10 44 1000 35 20 22.591603181257934 True 41
10 44 1000 35 20 24.84383869888542 True 28
10 44 1000 35 20 23.309969666517645 False 49
10 44 1000 35 20 25.03905488568246 True 39
10 44 1000 35 20 22.659592130307402 True 40
10 44 1000 35 20 21.89064976512441 True 38
10 44 1000 35 20 25.150861948597903 True 34
10 44 1000 35 20 24.477264064150216 True 36
10 44 1000 35 20 0.0 True 3
10 44 1000 35 20 22.541679324865154 True 39
10 44 1000 35 20 21.174344073046328 True 38
10 44 1000 35 20 21.172352053299182 False 49
10 44 1000 35 20 21.47559928670762 False 49
10 44 1000 35 20 22.181119143058535 True 38
10 44 1000 35 20 25.91788587169041 True 48
10 44 1000 35 20 21.321315492111736 False 49
10 44 1000 35 20 22.96360754752973 True 41
10 44 1000 35 20 24.647840691188392 True 42
10 44 1000 35 20 19.26440343041605 False 49
10 44 1000 35 20 23.525893204622076 False 49
10 44 1000 35 20 24.420655712531634 True 39
10 44 1000 35 20 21.251920706512966 True 40
10 44 1000 35 20 22.810846781454654 False 49
10 44 1000 35 20 22.625123432540644 True 36
10 44 1000 35 20 21.75177038781377 False 49
10 44 1000 35 20 21.85273487090745 True 44
10 44 1000 35 20 25.40703450935063 False 49
10 44 1000 35 20 25.23749349388184 True 44
10 44 1000 35 20 21.901824003510406 True 37
10 44 1000 35 20 0.0 True 3
10 44 1000 35 20 23.2492425706797 False 49
10 44 1000 35 20 22.870210171574534 True 48
10 44 1000 35 20 20.98777601668272 True 48
10 44 1000 35 20 21.17140702262102 False 49
10 44 1000 35 20 23.761488675589167 True 38
10 44 1000 35 20 20.527887221778627 False 49
10 44 1000 35 20 22.88653213009532 False 49
10 44 1000 35 20 26.002611974979587 True 44
10 44 1000 35 20 18.861646030642795 True 46
10 44 1000 35 20 20.99180027934908 True 39
10 44 1000 35 20 25.280979140782698 False 49
10 44 1000 35 20 24.406156227660404 False 49
10 44 1000 35 20 24.773290261370086 True 40
10 44 1000 35 20 28.413583464275526 True 38
10 44 1000 35 20 0.009792592592592781 True 11
10 44 1000 35 20 24.633846603107703 True 39
10 44 1000 35 20 0.0 True 2
10 44 1000 35 20 12.7665111111111 True 5
10 44 1000 35 20 0.0 True 4
10 44 1000 35 20 23.420550733172693 True 31
10 44 1000 35 20 23.33024951476365 True 41
10 44 1000 35 20 28.864872288522758 True 29
10 44 1000 35 20 21.247736430568278 True 33
10 44 1000 35 20 0.0 True 3
10 44 1000 35 20 24.287662114737287 False 49
10 44 1000 35 20 0.0 True 2
10 44 1000 35 20 23.85754341936824 True 44
10 44 1000 35 20 24.453924839805623 True 41
10 44 1000 35 20 21.467086658120625 True 49
10 44 1000 35 20 24.78870897037352 True 39
10 44 1000 35 20 22.171336559020638 True 47
10 44 1000 35 20 22.430986443641626 True 45
10 44 1000 35 20 23.215628891973402 True 49
10 44 1000 35 20 24.198854621933272 True 47
10 44 1000 35 20 21.656736175684742 True 35
10 44 1000 35 20 19.561115302835624 True 47
10 44 1000 35 20 0.0 True 1
10 44 1000 35 20 22.206330421649007 True 38
10 44 1000 35 20 21.76155469534247 True 35
10 44 1000 35 20 22.185630302022968 False 49
10 44 1000 35 20 8.606799999999994 True 5
10 44 1000 35 20 21.920482876330304 True 34
10 44 1000 35 20 25.137456954031787 False 49
10 44 1000 35 20 25.130379087043217 True 49
10 44 1000 35 20 26.207176363946818 True 30
10 44 1000 35 20 23.767133235147956 True 47
10 44 1000 35 20 24.33713642488536 True 39
10 44 1000 35 20 21.416554810934162 True 48
10 44 1000 35 20 26.265529768387363 True 43
10 44 1000 35 20 21.900191119847722 True 35
10 44 1000 35 20 22.640373623156865 False 49
10 44 1000 35 20 23.03332552954277 False 49
10 44 1000 35 20 18.71316772559764 True 42
10 44 1000 35 20 22.49583017153592 True 43
10 44 1000 35 20 2.671617734576471 True 5
10 44 1000 35 20 20.886251810139882 True 41
10 44 1200 30 16 0.0 True 2
10 44 1200 30 16 28.111080391864142 True 38
10 44 1200 30 16 2.361177424440339 True 7
10 44 1200 30 16 30.42157661653901 True 34
10 44 1200 30 16 21.372799157473068 True 41
10 44 1200 30 16 26.793237597867186 True 34
10 44 1200 30 16 23.422299362015067 True 39
10 44 1200 30 16 27.51617675659068 True 31
10 44 1200 30 16 23.23185219806582 True 44
10 44 1200 30 16 28.18724321941187 True 34
10 44 1200 30 16 32.03941422189113 True 41
10 44 1200 30 16 21.805121577821705 True 37
10 44 1200 30 16 28.642804827115462 True 38
10 44 1200 30 16 0.0 True 2
10 44 1200 30 16 31.070361085662498 True 29
10 44 1200 30 16 26.64830108759859 True 45
10 44 1200 30 16 25.062179149469678 True 38
10 44 1200 30 16 34.85259784697651 True 47
10 44 1200 30 16 26.686450553334872 False 49
10 44 1200 30 16 0.0 True 3
10 44 1200 30 16 23.591176086718576 True 36
10 44 1200 30 16 29.9549981569652 True 32
10 44 1200 30 16 0.0 True 1
10 44 1200 30 16 27.507330537931036 True 33
10 44 1200 30 16 28.144238257176333 True 36
10 44 1200 30 16 27.449204431391813 True 45
10 44 1200 30 16 23.972256745695777 True 47
10 44 1200 30 16 27.005661888406557 True 35
10 44 1200 30 16 22.882756883234595 True 41
10 44 1200 30 16 0.0 True 2
10 44 1200 30 16 22.62576062606097 True 35
10 44 1200 30 16 26.883496794220445 True 36
10 44 1200 30 16 0.0 True 0
10 44 1200 30 16 27.741656633874555 True 47
10 44 1200 30 16 24.543670106508635 True 39
10 44 1200 30 16 25.51458014484389 True 41
10 44 1200 30 16 25.483821453012602 True 47
10 44 1200 30 16 25.001178369641877 False 49
10 44 1200 30 16 26.859764983675223 True 44
10 44 1200 30 16 18.313090443750223 True 9
10 44 1200 30 16 28.518695515553695 True 41
10 44 1200 30 16 23.644362253792533 True 31
10 44 1200 30 16 0.0 True 0
10 44 1200 30 16 22.010251343442274 False 49
10 44 1200 30 16 30.99975520197584 True 29
10 44 1200 30 16 25.7817528610404 True 48
10 44 1200 30 16 33.145078586386525 True 26
10 44 1200 30 16 29.287705260548783 False 49
10 44 1200 30 16 28.223606767201904 True 24
10 44 1200 30 16 27.972715694363572 True 35
10 44 1200 30 16 25.286843230802557 False 49
10 44 1200 30 16 32.24179717934163 True 41
10 44 1200 30 16 25.54336316099314 True 44
10 44 1200 30 16 29.66390481669676 True 41
10 44 1200 30 16 27.04341604820695 True 34
10 44 1200 30 16 24.077288527116764 True 47
10 44 1200 30 16 25.107775983428148 True 40
10 44 1200 30 16 24.10552793457276 True 37
10 44 1200 30 16 0.0 True 0
10 44 1200 30 16 24.78817543540955 False 49
10 44 1200 30 16 22.895654996145886 True 8
10 44 1200 30 16 25.38692459351766 True 41
10 44 1200 30 16 24.726212535267333 True 47
10 44 1200 30 16 32.10043691787284 True 34
10 44 1200 30 16 29.755666739963672 True 41
10 44 1200 30 16 24.708562316082677 True 38
10 44 1200 30 16 0.0 True 4
10 44 1200 30 16 20.359599923488744 False 49
10 44 1200 30 16 26.805881286881128 True 49
10 44 1200 30 16 25.53863544227573 False 49
10 44 1200 30 16 27.605604904218545 False 49
10 44 1200 30 16 27.201409926114415 True 46
10 44 1200 30 16 24.597670654218113 False 49
10 44 1200 30 16 0.0 True 3
10 44 1200 30 16 5.571448137326516 True 5
10 44 1200 30 16 24.552620674069328 True 46
10 44 1200 30 16 0.0 True 2
10 44 1200 30 16 30.080261712786108 False 49
10 44 1200 30 16 23.767188557046897 False 49
10 44 1200 30 16 24.818335656657403 True 37
10 44 1200 30 16 25.409691560175368 False 49
10 44 1200 30 16 18.551096569190012 True 46
10 44 1200 30 16 27.016185701438424 True 34
10 44 1200 30 16 0.0 True 0
10 44 1200 30 16 28.668742144089208 True 27
10 44 1200 30 16 24.67888096141218 True 43
10 44 1200 30 16 26.603028047804052 True 36
10 44 1200 30 16 26.240144172627037 True 33
10 44 1200 30 16 0.0 True 0
10 44 1200 30 16 25.053986831457763 True 42
10 44 1200 30 16 25.705142965493465 True 39
10 44 1200 30 16 21.79805939201285 True 40
10 44 1200 30 16 29.36748474116444 False 49
10 44 1200 30 16 0.0 True 0
10 44 1200 30 16 27.260415857336728 True 42
10 44 1200 30 16 26.47743586080022 False 49
10 44 1200 30 16 28.05787836483072 True 35
10 44 1200 30 16 26.503309109102734 True 32
10 44 1200 30 16 33.17888942279056 True 39
10 44 1200 30 16 21.624275173624678 False 49
10 44 1350 35 14 27.746199733626863 True 38
10 44 1350 35 14 26.755172993665 True 38
10 44 1350 35 14 22.885344308387136 True 41
10 44 1350 35 14 25.6782515371572 True 45
10 44 1350 35 14 26.79660684997383 True 41
10 44 1350 35 14 28.05855750074409 True 39
10 44 1350 35 14 23.22268668687138 False 49
10 44 1350 35 14 25.74286862563019 True 39
10 44 1350 35 14 25.09093084577308 True 41
10 44 1350 35 14 30.532033827504257 False 49
10 44 1350 35 14 25.49215991926066 True 42
10 44 1350 35 14 0.0 True 0
10 44 1350 35 14 28.301274071255868 True 37
10 44 1350 35 14 22.431960781287998 True 39
10 44 1350 35 14 24.969894102805267 True 46
10 44 1350 35 14 28.64886320805312 True 33
10 44 1350 35 14 21.70198108936198 True 48
10 44 1350 35 14 29.23193922383042 True 38
10 44 1350 35 14 29.658856306705403 True 41
10 44 1350 35 14 26.759103987714067 True 35
10 44 1350 35 14 29.38533762229008 True 29
10 44 1350 35 14 26.70572549070785 True 36
10 44 1350 35 14 27.58863222165923 True 36
10 44 1350 35 14 24.340506404197566 True 43
10 44 1350 35 14 0.0 True 3
10 44 1350 35 14 17.488647600965145 True 7
10 44 1350 35 14 31.29551512997067 True 39
10 44 1350 35 14 27.70845418669896 True 33
10 44 1350 35 14 0.0 True 2
10 44 1350 35 14 2.934939497145438 False 49
10 44 1350 35 14 27.20665609145282 True 38
10 44 1350 35 14 24.390820312500022 True 6
10 44 1350 35 14 26.82675967253441 False 49
10 44 1350 35 14 27.112147481364474 False 49
10 44 1350 35 14 27.217664294944775 False 49
10 44 1350 35 14 0.0 True 0
10 44 1350 35 14 28.21832024767822 True 41
10 44 1350 35 14 0.0 True 0
10 44 1350 35 14 25.76726566831986 True 40
10 44 1350 35 14 25.106044902870757 True 32
10 44 1350 35 14 0.0 True 1
10 44 1350 35 14 24.8059979057105 True 35
10 44 1350 35 14 28.304822648509486 True 36
10 44 1350 35 14 26.863357082607358 True 40
10 44 1350 35 14 19.285074064613834 True 48
10 44 1350 35 14 28.681388256122993 False 49
10 44 1350 35 14 24.610684975019915 True 48
10 44 1350 35 14 29.160141954128584 True 30
10 44 1350 35 14 24.97433900581683 True 48
10 44 1350 35 14 23.655234836800155 False 49
10 44 1350 35 14 0.0 True 3
10 44 1350 35 14 28.45020196975717 True 37
10 44 1350 35 14 28.029991967689504 True 36
10 44 1350 35 14 28.187105349354404 False 49
10 44 1350 35 14 0.0 True 2
10 44 1350 35 14 28.11949235629971 False 49
10 44 1350 35 14 28.151482930523574 True 41
10 44 1350 35 14 23.454860576471155 True 34
10 44 1350 35 14 30.09499162570927 False 49
10 44 1350 35 14 1.4531249999999978 True 6
10 44 1350 35 14 0.07001186132756752 True 12
10 44 1350 35 14 27.638128733454685 True 45
10 44 1350 35 14 29.403807654717117 False 49
10 44 1350 35 14 1.6588814341122304 False 49
10 44 1350 35 14 0.08018369863219332 False 49
10 44 1350 35 14 30.709683414741612 True 47
10 44 1350 35 14 0.0 True 2
10 44 1350 35 14 25.36276539487733 True 39
10 44 1350 35 14 27.161048054863603 False 49
10 44 1350 35 14 25.106018844202413 False 49
10 44 1350 35 14 25.99611111310774 False 49
10 44 1350 35 14 24.068222168804922 True 40
10 44 1350 35 14 29.501175798544782 True 41
10 44 1350 35 14 29.630210709330527 True 45
10 44 1350 35 14 0.0 True 0
10 44 1350 35 14 30.05104133023518 True 43
10 44 1350 35 14 0.0 True 0
10 44 1350 35 14 28.440469119418633 True 33
10 44 1350 35 14 28.393154266180844 True 43
10 44 1350 35 14 0.0 True 3
10 44 1350 35 14 25.247941217861293 True 34
10 44 1350 35 14 24.34952728091265 True 29
10 44 1350 35 14 0.07605513265168272 True 5
10 44 1350 35 14 0.0 True 0
10 44 1350 35 14 27.100537894226527 True 35
10 44 1350 35 14 27.7986324175479 True 45
10 44 1350 35 14 28.073345153363448 True 49
10 44 1350 35 14 30.154430206662017 True 29
10 44 1350 35 14 28.950427905919874 True 32
10 44 1350 35 14 27.936701795236708 False 49
10 44 1350 35 14 30.3626614854691 True 32
10 44 1350 35 14 23.22649055514282 False 49
10 44 1350 35 14 27.809117393642897 False 49
10 44 1350 35 14 26.142785926351976 True 37
10 44 1350 35 14 25.85457262418104 True 39
10 44 1350 35 14 28.592105658856937 True 35
10 44 1350 35 14 25.815513673361732 False 49
10 44 1350 35 14 0.0 True 1
10 44 1350 35 14 26.677362698234294 True 47
10 44 1350 35 14 26.991330790382804 True 39
15 16 1150 35 20 4.482348330589893 False 49
15 16 1150 35 20 0.5550361906374309 True 37
15 16 1150 35 20 0.0 True 4
15 16 1150 35 20 0.5291734836168799 False 49
15 16 1150 35 20 4.102078319460963 True 19
15 16 1150 35 20 0.4466848953494551 True 35
15 16 1150 35 20 0.1439618203384228 False 49
15 16 1150 35 20 1.461350287842184 True 24
15 16 1150 35 20 0.5625972435676073 True 24
15 16 1150 35 20 0.23526580028953217 True 48
15 16 1150 35 20 14.986697310638748 True 43
15 16 1150 35 20 57.15142915286732 True 21
15 16 1150 35 20 4.037017471443808 False 49
15 16 1150 35 20 0.236158858509876 True 22
15 16 1150 35 20 0.479646507480284 False 49
15 16 1150 35 20 2.1366815701710724 True 41
15 16 1150 35 20 63.584430097880194 True 25
15 16 1150 35 20 0.0 True 2
15 16 1150 35 20 7.058000406710276 False 49
15 16 1150 35 20 12.901706014686303 True 26
15 16 1150 35 20 0.0 True 1
15 16 1150 35 20 1.1496993690169108 True 38
15 16 1150 35 20 4.824721435287892 False 49
15 16 1150 35 20 2.7768566287296492 False 49
15 16 1150 35 20 1.0103475833597022 True 44
15 16 1150 35 20 40.42129499896824 False 49
15 16 1150 35 20 3.035357171106851 False 49
15 16 1150 35 20 32.66443313508714 False 49
15 16 1150 35 20 0.0 True 2
15 16 1150 35 20 0.7909720678126115 True 29
15 16 1150 35 20 2.258374943970967 True 17
15 16 1150 35 20 0.0 True 2
15 16 1150 35 20 8.278837766282308 True 34
15 16 1150 35 20 62.87176094121483 True 18
15 16 1150 35 20 1.3048987253068252 False 49
15 16 1150 35 20 16.438132230418468 False 49
15 16 1150 35 20 0.30234646610634985 False 49
15 16 1150 35 20 5.195114137498133 False 49
15 16 1150 35 20 22.236910549932958 True 46
15 16 1150 35 20 0.0 True 0
15 16 1150 35 20 9.323093752630196 True 27
15 16 1150 35 20 0.0 True 3
15 16 1150 35 20 29.369876096312193 True 40
15 16 1150 35 20 0.0 True 0
15 16 1150 35 20 0.0 True 0
15 16 1150 35 20 0.9413972768977302 False 49
15 16 1150 35 20 0.8946000000000004 True 9
15 16 1150 35 20 3.6250575825895686 True 44
15 16 1150 35 20 0.2064813304705991 True 23
15 16 1150 35 20 7.483723958333337 True 5
15 16 1150 35 20 0.0 True 1
15 16 1150 35 20 2.848917098896568 False 49
15 16 1150 35 20 3.864218592038712 True 20
15 16 1150 35 20 0.0 True 1
15 16 1150 35 20 0.5418038906553023 False 49
15 16 1150 35 20 1.6195273122995126 True 21
15 16 1150 35 20 1.4484125290879668 False 49
15 16 1150 35 20 3.255402225092822 True 47
15 16 1150 35 20 7.456334747684035 True 25
15 16 1150 35 20 0.0 True 3
15 16 1150 35 20 1.1333699932730554 False 49
15 16 1150 35 20 14.83946707935001 False 49
15 16 1150 35 20 0.0 True 0
15 16 1150 35 20 0.0 True 1
15 16 1150 35 20 2.2013842704146227 False 49
15 16 1150 35 20 25.88642530101526 True 37
15 16 1150 35 20 0.0 True 3
15 16 1150 35 20 0.0 True 1
15 16 1150 35 20 0.9793076935109488 True 19
15 16 1150 35 20 0.0 True 0
15 16 1150 35 20 0.0 True 1
15 16 1150 35 20 0.0 True 4
15 16 1150 35 20 0.0 True 2
15 16 1150 35 20 0.6638740304753821 False 49
15 16 1150 35 20 0.0 True 2
15 16 1150 35 20 1.407511311237038 True 18
15 16 1150 35 20 1.7939944941535475 False 49
15 16 1150 35 20 16.578794865520045 True 45
15 16 1150 35 20 15.32746177522912 False 49
15 16 1150 35 20 2.3452823618178873 True 41
15 16 1150 35 20 0.0 True 1
15 16 1150 35 20 63.21940032812626 True 33
15 16 1150 35 20 21.31993571715252 False 49
15 16 1150 35 20 5.427287998516689 True 13
15 16 1150 35 20 2.3974602015942694 True 20
15 16 1150 35 20 17.336121804379996 False 49
15 16 1150 35 20 6.973540395677721 False 49
15 16 1150 35 20 0.0 True 0
15 16 1150 35 20 2.6275460159890294 False 49
15 16 1150 35 20 50.41841141278083 True 46
15 16 1150 35 20 0.8624882473871873 False 49
15 16 1150 35 20 13.239936230759117 False 49
15 16 1150 35 20 0.0 True 4
15 16 1150 35 20 1.699807668323249 True 24
15 16 1150 35 20 45.607282310708634 True 26
15 16 1150 35 20 1.8657337130165867 False 49
15 16 1150 35 20 3.202732129257728 False 49
15 16 1150 35 20 2.0114941765889567 False 49
15 16 1150 35 20 0.0999142417675553 True 27
15 16 1150 35 20 26.955684717673186 False 49
15 22 1100 40 19 40.86948502364552 True 25
15 22 1100 40 19 10.257583714634524 False 49
15 22 1100 40 19 43.179608915259415 True 39
15 22 1100 40 19 25.85642564505426 True 49
15 22 1100 40 19 46.30271675712598 True 27
15 22 1100 40 19 39.60845534331076 True 25
15 22 1100 40 19 0.0 True 3
15 22 1100 40 19 0.0 True 1
15 22 1100 40 19 46.049303191396156 True 38
15 22 1100 40 19 0.0 True 3
15 22 1100 40 19 22.970007169950204 True 43
15 22 1100 40 19 3.9142081269160798 False 49
15 22 1100 40 19 24.588881308489583 True 34
15 22 1100 40 19 0.0 True 2
15 22 1100 40 19 41.067807308900605 False 49
15 22 1100 40 19 0.0 True 3
15 22 1100 40 19 41.00835475354626 True 34
15 22 1100 40 19 29.899548577350508 True 31
15 22 1100 40 19 41.748638407212674 False 49
15 22 1100 40 19 49.9636355789449 True 46
15 22 1100 40 19 10.088109347182217 True 24
15 22 1100 40 19 44.74145175965506 True 23
15 22 1100 40 19 1.7995933385057021 True 29
15 22 1100 40 19 41.79767825874834 True 23
15 22 1100 40 19 14.955542912082098 False 49
15 22 1100 40 19 52.442632862409255 True 45
15 22 1100 40 19 22.90495782235045 False 49
15 22 1100 40 19 40.44893981735358 True 46
15 22 1100 40 19 1.720604350384922 False 49
15 22 1100 40 19 0.0 True 0
15 22 1100 40 19 47.933290850899496 True 20
15 22 1100 40 19 49.760475138882896 False 49
15 22 1100 40 19 0.0 True 3
15 22 1100 40 19 32.34206978254788 True 47
15 22 1100 40 19 0.0 True 1
15 22 1100 40 19 16.039299478589147 False 49
15 22 1100 40 19 29.760711145399075 True 38
15 22 1100 40 19 36.11165003395582 False 49
15 22 1100 40 19 32.939615214403446 True 46
15 22 1100 40 19 21.454689328083738 False 49
15 22 1100 40 19 40.014845548369266 True 29
15 22 1100 40 19 0.17967709362441103 False 49
15 22 1100 40 19 12.332058563744052 False 49
15 22 1100 40 19 0.0 True 0
15 22 1100 40 19 19.917946525089896 False 49
15 22 1100 40 19 39.613984572870535 True 26
15 22 1100 40 19 46.18908963143604 True 29
15 22 1100 40 19 32.60165056788257 False 49
15 22 1100 40 19 0.1426122731208296 False 49
15 22 1100 40 19 31.897036499846344 False 49
15 22 1100 40 19 2.4832245910174633 False 49
15 22 1100 40 19 19.35063872111526 False 49
15 22 1100 40 19 16.198053187962493 False 49
15 22 1100 40 19 0.8189753369045316 True 41
15 22 1100 40 19 30.48936002093427 False 49
15 22 1100 40 19 0.0 True 3
15 22 1100 40 19 28.481287083425194 True 45
15 22 1100 40 19 36.7653926019991 False 49
15 22 1100 40 19 2.423234244946499 True 6
15 22 1100 40 19 2.86847951976561 True 17
15 22 1100 40 19 11.185334926901351 False 49
15 22 1100 40 19 4.261424571162495 False 49
15 22 1100 40 19 48.040885980121125 True 47
15 22 1100 40 19 36.27629287427454 True 34
15 22 1100 40 19 42.7969534907064 True 24
15 22 1100 40 19 49.32648379258049 True 39
15 22 1100 40 19 0.32395405350399126 False 49
15 22 1100 40 19 0.07592000360344132 True 7
15 22 1100 40 19 1.758138140145892 False 49
15 22 1100 40 19 51.300250124921675 True 24
15 22 1100 40 19 34.370980060064404 True 48
15 22 1100 40 19 47.45315436609775 True 38
15 22 1100 40 19 0.0 True 3
15 22 1100 40 19 45.622406870989536 True 41
15 22 1100 40 19 26.52483745066605 False 49
15 22 1100 40 19 1.09208942816313 False 49
15 22 1100 40 19 0.0 True 0
15 22 1100 40 19 0.0 True 2
15 22 1100 40 19 37.0134553637045 True 28
15 22 1100 40 19 41.315073390089125 True 25
15 22 1100 40 19 15.347730511005654 False 49
15 22 1100 40 19 36.35191119693295 True 32
15 22 1100 40 19 2.377700925344483 True 13
15 22 1100 40 19 1.5291956816630523 False 49
15 22 1100 40 19 1.4936886515030932 False 49
15 22 1100 40 19 0.0 True 1
15 22 1100 40 19 45.61640242914446 True 24
15 22 1100 40 19 22.930154947119348 False 49
15 22 1100 40 19 0.0 True 0
15 22 1100 40 19 5.994831074115939 False 49
15 22 1100 40 19 45.89665996006198 True 35
15 22 1100 40 19 49.19321602197022 True 31
15 22 1100 40 19 0.11572623175132328 False 49
15 22 1100 40 19 45.710149896355595 True 27
15 22 1100 40 19 48.17923096221585 True 22
15 22 1100 40 19 48.555477122174125 True 38
15 22 1100 40 19 3.809271681262446 False 49
15 22 1100 40 19 46.397087295720276 True 25
15 22 1100 40 19 28.54194163639313 True 31
15 22 1100 40 19 36.21322482176146 True 24
