0 2 0.05373333333333339 False 49
0 2 0.06674666666666686 False 49
0 4 0.06884888888888917 False 49
0 4 0.09294018627789533 False 49
0 6 0.0964888888888893 False 49
0 6 0.06170353887963046 False 49
0 8 0.11545251815483829 False 49
0 8 0.1438088888888894 False 49
0 10 0.0520577777777777 False 49
0 10 0.09382357071002803 False 49
0 12 0.06360120875436041 False 49
0 12 0.07709112562497197 False 49
0 14 0.09593777777777777 False 49
0 14 0.04968444444444452 False 49
0 16 0.06129333333333263 False 49
0 16 0.07015180237126452 False 49
0 18 0.11594666666666678 False 49
0 18 0.09696444444444496 False 49
0 20 0.0688355555555554 False 49
0 20 0.08655111111111144 False 49
0 22 0.03982666666666669 False 49
0 22 0.09291575454559124 False 49
0 24 0.09175105826063909 False 49
0 24 0.11081369167554941 False 49
0 26 0.06737333333333306 False 49
0 26 0.05469333333333374 False 49
0 28 0.08593777777777789 False 49
0 28 0.07642127651907596 False 49
0 30 0.12637333333333364 False 49
0 30 0.12886720918477199 False 49
50 2 0.06968000000000024 False 49
50 2 0.09299555555555519 False 49
50 4 0.11172888888888877 False 49
50 4 0.05477333333333371 False 49
50 6 0.07386666666666701 False 49
50 6 0.033436797141269556 False 49
50 8 0.06905488521538077 False 49
50 8 0.07764397319440082 False 49
50 10 0.06369785164832417 False 49
50 10 0.05297333333333369 False 49
50 12 0.04952444444444476 False 49
50 12 0.04492000000000038 False 49
50 14 0.10511111111111086 False 49
50 14 0.058817777777777615 False 49
50 16 0.0683777777777776 False 49
50 16 0.07718564769354685 False 49
50 18 0.06649333333333372 False 49
50 18 0.0476938049837593 False 49
50 20 0.04997777777777749 False 49
50 20 0.06000444444444449 False 49
50 22 0.06766989514986849 False 49
50 22 0.03381777777777746 False 49
50 24 0.06534702981347232 False 49
50 24 0.10844122456946341 False 49
50 26 0.04885333333333346 False 49
50 26 0.12763111111111097 False 49
50 28 0.0812044444444445 False 49
50 28 0.06057073865541616 False 49
50 30 0.0764266666666671 False 49
50 30 0.09367555555555637 False 49
100 2 0.08951555555555546 False 49
100 2 0.05277333333333306 False 49
100 4 0.04766423194150422 False 49
100 4 0.07139555555555513 False 49
100 6 0.03536000000000029 False 49
100 6 0.1147914186047672 False 49
100 8 0.07801777777777795 False 49
100 8 0.06561333333333359 False 49
100 10 0.10529332852874473 False 49
100 10 0.06573777777777798 False 49
100 12 0.07737333333333357 False 49
100 12 0.047453333333333306 False 49
100 14 0.10139111111111206 False 49
100 14 0.06257009944496958 False 49
100 16 0.10852175686327903 False 49
100 16 0.05731111111111139 False 49
100 18 0.06780444444444444 False 49
100 18 0.08322016405667448 False 49
100 20 0.055826666666666615 False 49
100 20 0.07416377800799763 False 49
100 22 0.040079492315161 False 49
100 22 0.06980444444444506 False 49
100 24 0.07334222222222224 False 49
100 24 0.0784917095826515 False 49
100 26 0.05631111111111152 False 49
100 26 0.048799999999999996 False 49
100 28 0.07472528720038402 False 49
100 28 0.07901387424990816 False 49
100 30 0.09725788427948681 False 49
100 30 0.07090666666666662 False 49
150 2 0.05725371529811004 False 49
150 2 0.055088888888888535 False 49
150 4 0.06609018152335469 False 49
150 4 0.1914133307308471 True 28
150 6 0.045315555555555276 False 49
150 6 0.11822666666666612 False 49
150 8 0.06957655921405038 False 49
150 8 0.11221333333333339 False 49
150 10 0.11439512594527798 False 49
150 10 0.0743558908757865 False 49
150 12 0.055240349733995754 False 49
150 12 0.05932980136029875 False 49
150 14 0.09911111111111079 False 49
150 14 0.047826666666666524 False 49
150 16 0.06311111111111149 False 49
150 16 0.06111111111111106 False 49
150 18 0.10613777777777804 False 49
150 18 0.049288888888888945 False 49
150 20 0.10048457196622769 False 49
150 20 0.08903415201517434 False 49
150 22 0.05140000000000011 False 49
150 22 0.09487705198464534 False 49
150 24 0.06759555555555544 False 49
150 24 0.07238855987468025 False 49
150 26 0.1376743383931653 False 49
150 26 0.04844000000000013 False 49
150 28 0.11412313619506602 False 49
150 28 0.07861657883278478 False 49
150 30 0.06415111111111158 False 49
150 30 0.040999999999999974 False 49
200 2 0.09419111111111074 False 49
200 2 0.0749014757093018 False 49
200 4 0.13243111111111067 False 49
200 4 0.0669022222222221 False 49
200 6 0.04544444444444477 True 6
200 6 0.05219555555555583 False 49
200 8 0.0523684606425638 False 49
200 8 0.0 True 0
200 10 0.08843999999999975 False 49
200 10 0.10955555555555616 False 49
200 12 0.08847111111111101 False 49
200 12 0.10383111111111068 False 49
200 14 0.1506420221311351 False 49
200 14 0.13165481995305497 False 49
200 16 0.0 True 1
200 16 0.11151884529725922 False 49
200 18 0.12779858584948678 False 49
200 18 0.09475555555555584 False 49
200 20 0.10732888888888925 False 49
200 20 0.04871999999999996 False 49
200 22 0.04629333333333329 False 49
200 22 0.0655199999999994 False 49
200 24 0.2552764099715222 True 18
200 24 0.09004737804603377 False 49
200 26 0.15074666666666642 False 49
200 26 0.09607111111111154 False 49
200 28 0.062438270948755224 False 49
200 28 0.05537777777777892 True 10
200 30 0.08301817495708379 False 49
200 30 0.11333333333333377 False 49
250 2 0.5731111111111116 True 8
250 2 0.22751111111111033 True 6
250 4 0.3710419753086411 True 43
250 4 0.4297777397414529 False 49
250 6 0.35603111111111185 True 49
250 6 0.0 True 1
250 8 0.1371377777777779 False 49
250 8 0.20092444444444388 False 49
250 10 0.05346666666666677 False 49
250 10 0.0 True 1
250 12 0.07195999999999975 False 49
250 12 0.1583377777777773 False 49
250 14 0.0 True 2
250 14 0.08356444444444412 False 49
250 16 0.13150222222222202 False 49
250 16 0.5328957186112736 False 49
250 18 0.09167111111111137 False 49
250 18 0.02470222222222226 False 49
250 20 0.06638666666666664 False 49
250 20 0.1005511111111114 False 49
250 22 0.0 True 0
250 22 0.10925092720399902 False 49
250 24 0.1927333333333327 False 49
250 24 0.0 True 0
250 26 0.04752587741292902 False 49
250 26 0.1702712404632137 True 33
250 28 0.04884888888888859 False 49
250 28 0.039590013462856614 False 49
250 30 0.08599999999999948 True 12
250 30 0.0 True 0
300 2 0.0 True 0
300 2 0.5000000000000016 True 23
300 4 0.0 True 1
300 4 0.05814514941769422 False 49
300 6 0.0 True 4
300 6 0.0607155555555558 False 49
300 8 0.190831111111112 False 49
300 8 0.0 True 1
300 10 0.07496770876186773 False 49
300 10 0.2594044444444453 False 49
300 12 0.13777171098398883 False 49
300 12 0.23247405538956303 True 28
300 14 0.0 True 3
300 14 0.3790320854415967 False 49
300 16 0.20055997597705738 False 49
300 16 0.12307412518955649 False 49
300 18 0.6701600000000002 True 22
300 18 0.07092204395197463 False 49
300 20 0.06364000000000039 False 49
300 20 0.294217777777778 False 49
300 22 0.05796326051379008 False 49
300 22 0.12467555555555539 False 49
300 24 0.1083955555555552 False 49
300 24 0.09355555555555507 False 49
300 26 0.0 True 1
300 26 0.0 True 1
300 28 0.0 True 1
300 28 0.04194666666666595 False 49
300 30 0.08581333333333309 False 49
300 30 0.04530666666666648 False 49
350 2 0.26053777777777887 False 49
350 2 0.0 True 0
350 4 0.4077744245754692 True 5
350 4 0.06466666666666673 True 5
350 6 0.11228888888889019 True 6
350 6 0.5159655699014316 True 8
350 8 0.16088739306037253 False 49
350 8 0.0 True 2
350 10 0.13662664804888752 True 21
350 10 0.07217147676030586 False 49
350 12 0.24774666666666664 False 49
350 12 0.12897864560655342 False 49
350 14 0.4095986356773878 True 40
350 14 0.0 True 2
350 16 0.08554222222222158 False 49
350 16 0.0 True 3
350 18 0.06562666666666642 False 49
350 18 0.2584078851302984 False 49
350 20 0.2177140389071564 True 37
350 20 0.13717777777777762 True 6
350 22 0.2111855415922202 False 49
350 22 0.31230300617089374 True 46
350 24 0.043044444444444246 True 37
350 24 0.0 True 1
350 26 0.3211112130559581 False 49
350 26 0.5024518518518518 True 26
350 28 0.13199578557522434 False 49
350 28 0.0 True 0
350 30 0.27573163030694336 False 49
350 30 0.05163555555555558 False 49
400 2 0.8837539643693058 True 27
400 2 0.4002543575114232 False 49
400 4 0.0 True 1
400 4 0.0 True 2
400 6 0.32162500788252796 True 30
400 6 0.7062950850061799 False 49
